##FastQC	0.11.5
>>Basic Statistics	pass
#Measure	Value
Filename	SRR4841864_2.fastq
File type	Conventional base calls
Encoding	Sanger / Illumina 1.9
Total Sequences	5391722
Sequences flagged as poor quality	0
Sequence length	101
%GC	38
>>END_MODULE
>>Per base sequence quality	pass
#Base	Mean	Median	Lower Quartile	Upper Quartile	10th Percentile	90th Percentile
1	29.83542233816951	31.0	30.0	34.0	26.0	34.0
2	30.213972085356033	31.0	30.0	34.0	26.0	34.0
3	30.06927248845545	31.0	30.0	34.0	26.0	34.0
4	33.764105419381785	37.0	35.0	37.0	28.0	37.0
5	33.646281466292216	35.0	35.0	37.0	28.0	37.0
6	33.6903697928046	36.0	35.0	37.0	28.0	37.0
7	33.797746063317064	37.0	35.0	37.0	29.0	37.0
8	33.82922672941965	37.0	35.0	37.0	29.0	37.0
9	35.053209160264565	38.0	35.0	39.0	28.0	39.0
10-11	35.2139153316881	39.0	35.0	39.0	29.0	39.0
12-13	35.098628415930946	38.5	35.0	39.0	28.5	39.0
14-15	36.27254919671304	39.5	36.0	41.0	28.5	41.0
16-17	36.06446150228072	39.0	36.0	41.0	27.5	41.0
18-19	36.028564714575424	39.0	36.0	41.0	27.0	41.0
20-21	36.19910512819467	39.0	36.0	41.0	28.0	41.0
22-23	36.06472431256656	39.0	36.0	41.0	27.5	41.0
24-25	35.98526713728935	39.0	36.0	41.0	27.0	41.0
26-27	35.743576634700375	39.0	35.0	41.0	27.0	41.0
28-29	35.68549871451087	39.0	35.0	41.0	27.0	41.0
30-31	35.40419832476526	39.0	34.5	41.0	25.5	41.0
32-33	35.69139738658633	39.0	35.0	41.0	27.0	41.0
34-35	35.876176664894814	39.0	35.0	41.0	27.5	41.0
36-37	35.821261463406316	39.0	35.0	41.0	27.5	41.0
38-39	35.66427451192773	39.0	35.0	41.0	27.0	41.0
40-41	35.67525337916161	39.0	35.0	41.0	27.0	41.0
42-43	35.54733246632523	39.0	35.0	40.0	27.0	41.0
44-45	35.40416141633415	39.0	35.0	40.0	26.5	41.0
46-47	35.23557473846018	39.0	34.5	40.0	26.0	41.0
48-49	35.16954833724736	39.0	34.0	40.0	26.0	41.0
50-51	35.05689944696704	39.0	34.0	40.0	26.0	41.0
52-53	34.911903469800556	38.5	34.0	40.0	25.5	41.0
54-55	34.70284586260197	38.0	34.0	40.0	24.5	41.0
56-57	34.51706829469323	38.0	33.0	40.0	24.5	41.0
58-59	34.28487985842	38.0	33.0	40.0	24.0	41.0
60-61	34.397595332251925	38.0	33.0	40.0	25.0	41.0
62-63	34.24388748158752	38.0	33.0	40.0	25.0	41.0
64-65	33.99463705658415	37.0	33.0	40.0	24.5	41.0
66-67	33.65883654609789	37.0	33.0	39.5	23.5	41.0
68-69	33.36830839943157	36.0	32.5	39.0	23.0	41.0
70-71	33.06377804716193	36.0	32.0	39.0	23.0	40.5
72-73	32.698764791656544	35.5	32.0	38.5	22.5	40.0
74-75	32.351140043941434	35.0	32.0	37.0	22.0	39.5
76-77	31.99472923492717	35.0	32.0	37.0	22.0	39.0
78-79	31.627267967450845	35.0	31.5	36.5	20.5	39.0
80-81	31.29253863607953	35.0	31.0	36.0	20.0	37.5
82-83	31.01750488990345	35.0	31.0	36.0	20.0	37.0
84-85	30.74239565763962	34.5	31.0	35.0	18.5	37.0
86-87	30.531853367068997	34.0	31.0	35.0	18.0	36.0
88-89	30.31735130260796	34.0	31.0	35.0	16.5	36.0
90-91	30.10700560971059	34.0	31.0	35.0	11.5	36.0
92-93	29.939223127601906	34.0	31.0	35.0	7.0	36.0
94-95	29.797875706499703	34.0	31.0	35.0	2.0	35.0
96-97	29.598698245198847	34.0	30.0	35.0	2.0	35.0
98-99	29.380146268668895	34.0	30.0	35.0	2.0	35.0
100-101	28.864194129445103	34.0	29.5	35.0	2.0	35.0
>>END_MODULE
>>Per sequence quality scores	pass
#Quality	Count
2	119027.0
3	17953.0
4	11572.0
5	9834.0
6	9432.0
7	9724.0
8	10544.0
9	11741.0
10	13218.0
11	14519.0
12	15778.0
13	16286.0
14	17224.0
15	17952.0
16	18861.0
17	19361.0
18	19652.0
19	20080.0
20	20220.0
21	21358.0
22	23393.0
23	28187.0
24	34817.0
25	43482.0
26	55691.0
27	70000.0
28	87077.0
29	104944.0
30	129565.0
31	158576.0
32	193363.0
33	250686.0
34	334826.0
35	463034.0
36	691976.0
37	1080387.0
38	1041400.0
39	184601.0
40	1381.0
>>END_MODULE
>>Per base sequence content	pass
#Base	G	A	T	C
1	14.583353530532573	29.818523503946842	35.151050192215195	20.447072773305393
2	20.790129643132424	34.6169151473236	28.626242999603548	15.966712209940429
3	19.16166151190551	32.02944699900721	31.036525147069593	17.77236634201769
4	18.15400421550149	31.153837936355032	31.50556942247258	19.1865884256709
5	19.524907238344507	30.577886721168085	32.02692298831869	17.870283052168723
6	19.60475357315304	30.658658551499084	30.2137405488146	19.522847326533274
7	20.350767517655267	30.474377610286645	30.93281428343648	18.242040588621613
8	19.60824654132935	31.500275058171084	30.29202628664035	18.599452113859215
9	19.137930649867492	30.40834961794371	31.42784802220061	19.02587170998819
10-11	19.21017048385073	30.687910933920666	30.892565900441895	19.20935268178671
12-13	19.056462608427335	30.795082675698055	31.020399627864094	19.128055088010512
14-15	18.98543882375651	30.924021870835556	31.076085111133334	19.014454194274606
16-17	19.26988159325095	30.701782026917932	31.031473040934614	18.996863338896503
18-19	19.29760003197417	30.552897496301824	30.966786368408407	19.1827161033156
20-21	19.379289370939045	30.681525611165938	30.799512067354335	19.139672950540678
22-23	19.497619141236278	30.587381983033612	30.761232497246493	19.15376637848362
24-25	19.339532830776022	30.592879792782224	30.76227800169584	19.305309374745914
26-27	19.442785742182725	30.62156198899613	30.72682954084735	19.20882272797379
28-29	19.588146281848275	30.588766491961294	30.577864252150498	19.245222974039937
30-31	19.645274776251405	30.452547464263237	30.57552798414144	19.326649775343917
32-33	19.5177814764341	30.630087203890294	30.550497829211444	19.30163349046417
34-35	19.498920408979508	30.66182468437544	30.53171274240641	19.307542164238647
36-37	19.420030209276597	30.569938749785695	30.595492582651552	19.414538458286156
38-39	19.545494847348003	30.572324400805893	30.498976644520454	19.38320410732565
40-41	19.59695575738591	30.59613702722289	30.501734041627238	19.305173173763958
42-43	19.5313038496453	30.516736138377492	30.522959151638645	19.42900086033856
44-45	19.62619388338585	30.60221495708423	30.446957998534728	19.324633160995194
46-47	19.560544331337752	30.621836597229766	30.456753663240317	19.36086540819216
48-49	19.41970657474091	30.550083562952462	30.467208677529573	19.563001184777058
50-51	19.650502333749678	30.573464190039413	30.38840976377089	19.387623712440018
52-53	19.538289073500867	30.62697292198567	30.48505548492998	19.349682519583492
54-55	19.436818032293026	30.595068978841354	30.47985559798998	19.488257390875642
56-57	19.55773696765952	30.596185641933882	30.50867341541424	19.337403974992363
58-59	19.556336065800807	30.676450681090618	30.40417988146233	19.36303337164625
60-61	19.418233959438762	30.666309279829896	30.48478737512411	19.43066938560723
62-63	19.52342476999897	30.767695362066057	30.37177904475873	19.337100823176243
64-65	19.53131125094518	30.710181195971444	30.420719098869125	19.337788454214248
66-67	19.431676853964177	30.685963890322814	30.454851853079678	19.427507402633328
68-69	19.554084567816467	30.683508177535142	30.374250153356076	19.388157101292318
70-71	19.53550455603001	30.65720839717151	30.423693511340744	19.383593535457734
72-73	19.46113564135412	30.601505505602216	30.450425426564564	19.4869334264791
74-75	19.569998966678735	30.635578068908405	30.433875988067	19.360546976345862
76-77	19.539865861273015	30.64804972126529	30.453791761302835	19.358292656158856
78-79	19.484654689036283	30.605717887953244	30.453026284941377	19.456601138069097
80-81	19.571585317860414	30.623919133967803	30.4358778185647	19.368617729607084
82-83	19.568946061837057	30.6402237137712	30.428824973322076	19.36200525106967
84-85	19.484525147842163	30.597689880307104	30.483357865336764	19.434427106513972
86-87	19.58835372058188	30.628530353595885	30.432956975994035	19.3501589498282
88-89	19.586639410420794	30.660573154109024	30.38870436461633	19.36408307085385
90-91	19.515673921934553	30.59476625315346	30.43221079968273	19.457349025229256
92-93	19.63868833404948	30.63852758475532	30.370082764063216	19.352701317131984
94-95	19.571321957868555	30.690243408029993	30.396164023681983	19.342270610419472
96-97	19.556834474090845	30.611055326429575	30.4092270918822	19.42288310759738
98-99	19.65849639665513	30.67765257201324	30.33948272352162	19.32436830781001
100-101	19.70376522702104	30.63837357949267	30.33558905066631	19.322272142819983
>>END_MODULE
>>Per sequence GC content	pass
#GC Content	Count
0	3101.0
1	1989.5
2	845.0
3	872.5
4	974.5
5	1053.0
6	1138.0
7	1193.5
8	1204.5
9	1175.0
10	1195.5
11	1252.0
12	1331.0
13	1510.5
14	1840.5
15	2249.0
16	2658.0
17	3351.5
18	4268.0
19	5346.0
20	7249.5
21	10053.5
22	13360.0
23	17471.0
24	23420.5
25	31282.0
26	41256.0
27	53601.5
28	69040.5
29	88924.5
30	113082.5
31	141560.5
32	173896.5
33	208452.5
34	242133.0
35	271813.5
36	299829.5
37	321484.0
38	333211.0
39	336218.5
40	329415.0
41	315393.0
42	295356.0
43	269516.0
44	239961.0
45	208968.5
46	177678.0
47	149547.5
48	124188.5
49	101267.0
50	82177.0
51	64568.0
52	49872.5
53	38562.0
54	28319.5
55	20624.5
56	15485.0
57	11501.0
58	8393.5
59	6129.5
60	4511.5
61	3243.0
62	2496.5
63	1938.5
64	1304.5
65	996.5
66	833.5
67	652.0
68	510.0
69	431.0
70	376.5
71	331.0
72	308.5
73	290.0
74	257.5
75	224.5
76	203.0
77	180.0
78	166.0
79	152.0
80	144.0
81	134.5
82	104.5
83	95.0
84	101.0
85	85.5
86	63.5
87	58.0
88	52.0
89	33.5
90	29.0
91	28.0
92	21.0
93	15.5
94	11.0
95	9.5
96	10.5
97	11.5
98	14.0
99	14.0
100	12.5
>>END_MODULE
>>Per base N content	pass
#Base	N-Count
1	0.5182388854618246
2	0.2131230059710052
3	0.20282944855094534
4	0.17076177147115523
5	0.16896271729143306
6	0.20735490442571036
7	0.19674604885044147
8	0.2047954252834252
9	0.23016765330259978
10-11	0.21230694015752297
12-13	0.22195135431685833
14-15	0.3150106774792914
16-17	0.23358956563413322
18-19	0.22960197131825416
20-21	0.22796056621613653
22-23	0.23509186860895276
24-25	0.20233795436782534
26-27	0.25078258856817914
28-29	0.22429754353061973
30-31	0.3659869703964707
32-33	0.37839488015146183
34-35	0.16070932440507876
36-37	0.20261615862242158
38-39	0.22017084708744256
40-41	0.3820579028369786
42-43	0.30625651693466394
44-45	0.35866092502543717
46-47	0.41920744430072615
48-49	0.26594472044367273
50-51	0.2517655769344191
52-53	0.2521457894157006
54-55	0.23318153272739212
56-57	0.24194496674717278
58-59	0.22877663202961873
60-61	0.2212743906306742
62-63	0.20474905790765918
64-65	0.16974168920430244
66-67	0.13577294971810488
68-69	0.1939083654535601
70-71	0.17849584974892996
72-73	0.17576944805388706
74-75	0.2042761106748456
76-77	0.20860682357139332
78-79	0.20293145677763058
80-81	0.15943885830908938
82-83	0.14943277861877893
84-85	0.15353165463649646
86-87	0.1969964326795781
88-89	0.1801650752765072
90-91	0.1658746500654151
92-93	0.14024276474195072
94-95	0.13208210660712846
96-97	0.18394865313901568
98-99	0.19293465056247336
100-101	0.1825390849157282
>>END_MODULE
>>Sequence Length Distribution	pass
#Length	Count
101	5391722.0
>>END_MODULE
>>Sequence Duplication Levels	pass
#Total Deduplicated Percentage	87.15816019879999
#Duplication Level	Percentage of deduplicated	Percentage of total
1	91.54153995411214	79.78592204165355
2	7.13630170871878	12.439738551109631
3	0.6719163687963209	1.7568898353523714
4	0.15707539427949285	0.5476160951160683
5	0.0578674043929754	0.2521808251185846
6	0.04132198316201686	0.21609288169003085
7	0.03145142763328286	0.19188739976998428
8	0.02580189397344838	0.17990764866962128
9	0.027503879038351484	0.215746874578175
>10	0.30918913372724677	4.412350655767507
>50	3.085216595997876E-5	0.0016671911743962715
>100	0.0	0.0
>500	0.0	0.0
>1k	0.0	0.0
>5k	0.0	0.0
>10k+	0.0	0.0
>>END_MODULE
>>Overrepresented sequences	pass
>>END_MODULE
>>Adapter Content	pass
#Position	Illumina Universal Adapter	Illumina Small RNA 3' Adapter	Illumina Small RNA 5' Adapter	Nextera Transposase Sequence	SOLID Small RNA Adapter
1	1.8546950306414166E-5	0.0	0.0	0.0	0.0
2	5.56408509192425E-5	0.0	0.0	0.0	0.0
3	9.273475153207082E-5	0.0	0.0	0.0	0.0
4	1.11281701838485E-4	0.0	0.0	1.8546950306414166E-5	0.0
5	1.2982865214489916E-4	0.0	0.0	1.8546950306414166E-5	0.0
6	1.669225527577275E-4	0.0	0.0	1.8546950306414166E-5	0.0
7	2.0401645337055584E-4	0.0	0.0	1.8546950306414166E-5	0.0
8	2.782042545962125E-4	0.0	0.0	1.8546950306414166E-5	0.0
9	2.9675120490262665E-4	0.0	0.0	1.8546950306414166E-5	0.0
10-11	2.9675120490262665E-4	0.0	0.0	1.8546950306414166E-5	0.0
12-13	2.9675120490262665E-4	0.0	0.0	2.782042545962125E-5	0.0
14-15	3.060246800558337E-4	0.0	0.0	5.56408509192425E-5	0.0
16-17	3.152981552090408E-4	0.0	0.0	5.56408509192425E-5	0.0
18-19	3.33845105515455E-4	0.0	0.0	5.56408509192425E-5	0.0
20-21	3.5239205582186914E-4	0.0	0.0	5.56408509192425E-5	0.0
22-23	4.080329067411117E-4	0.0	0.0	5.56408509192425E-5	0.0
24-25	4.2657985704752584E-4	0.0	0.0	5.56408509192425E-5	0.0
26-27	4.914941831199754E-4	0.0	0.0	5.56408509192425E-5	1.8546950306414166E-5
28-29	5.56408509192425E-4	0.0	0.0	5.56408509192425E-5	1.8546950306414166E-5
30-31	7.604249625629808E-4	0.0	0.0	5.56408509192425E-5	1.8546950306414166E-5
32-33	9.088005650142942E-4	0.0	0.0	7.418780122565666E-5	1.8546950306414166E-5
34-35	0.0010757231177720215	0.0	0.0	7.418780122565666E-5	1.8546950306414166E-5
36-37	0.0011962782947637137	0.0	0.0	7.418780122565666E-5	1.8546950306414166E-5
38-39	0.001344653897215027	0.0	0.0	7.418780122565666E-5	1.8546950306414166E-5
40-41	0.0015208499251259616	0.0	0.0	8.346127637886374E-5	1.8546950306414166E-5
42-43	0.0018268746051817953	0.0	0.0	1.11281701838485E-4	1.8546950306414166E-5
44-45	0.0020308910585523513	0.0	0.0	1.11281701838485E-4	1.8546950306414166E-5
46-47	0.0021885401361568715	0.0	0.0	1.11281701838485E-4	1.8546950306414166E-5
48-49	0.0024018300646806347	0.0	0.0	1.11281701838485E-4	1.8546950306414166E-5
50-51	0.002717128219889675	0.0	9.273475153207083E-6	1.11281701838485E-4	1.8546950306414166E-5
52-53	0.002921144673260231	0.0	1.8546950306414166E-5	1.11281701838485E-4	1.8546950306414166E-5
54-55	0.0032920836793885145	0.0	1.8546950306414166E-5	1.11281701838485E-4	1.8546950306414166E-5
56-57	0.0035517409836783127	0.0	1.8546950306414166E-5	1.2982865214489916E-4	1.8546950306414166E-5
58-59	0.003904133039500182	0.0	1.8546950306414166E-5	1.2982865214489916E-4	1.8546950306414166E-5
60-61	0.004312165946241293	0.0	1.8546950306414166E-5	1.2982865214489916E-4	1.8546950306414166E-5
62-63	0.0048036601293612695	0.0	1.8546950306414166E-5	1.2982865214489916E-4	1.8546950306414166E-5
64-65	0.005480623815545386	0.0	1.8546950306414166E-5	1.2982865214489916E-4	1.8546950306414166E-5
66-67	0.0064172448060193015	0.0	1.8546950306414166E-5	1.2982865214489916E-4	1.8546950306414166E-5
68-69	0.007706257852315086	0.0	1.8546950306414166E-5	1.2982865214489916E-4	1.8546950306414166E-5
70-71	0.009310569053819912	0.0	1.8546950306414166E-5	1.2982865214489916E-4	1.8546950306414166E-5
72-73	0.011462015289363955	0.0	1.8546950306414166E-5	1.4837560245131333E-4	1.8546950306414166E-5
74-75	0.01462427031660757	0.0	1.8546950306414166E-5	1.4837560245131333E-4	1.8546950306414166E-5
76-77	0.01914045271621942	0.0	1.8546950306414166E-5	1.4837560245131333E-4	1.8546950306414166E-5
78-79	0.025279493267642505	0.0	1.8546950306414166E-5	1.4837560245131333E-4	1.8546950306414166E-5
80-81	0.03321758799878777	0.0	1.8546950306414166E-5	1.576490776045204E-4	1.8546950306414166E-5
82-83	0.04492998711728832	0.0	1.8546950306414166E-5	1.669225527577275E-4	1.8546950306414166E-5
84-85	0.06076908267896601	0.0	1.8546950306414166E-5	1.8546950306414165E-4	1.8546950306414166E-5
86-87	0.08189405907797176	0.0	1.8546950306414166E-5	1.8546950306414165E-4	1.8546950306414166E-5
88-89	0.11059546467714768	0.0	1.8546950306414166E-5	2.2256340367697E-4	1.8546950306414166E-5
>>END_MODULE
>>Kmer Content	fail
#Sequence	Count	PValue	Obs/Exp Max	Max Obs/Exp Position
CTCGGGG	685	0.0	14.587311	36-37
TCGGGGG	1085	0.0	14.483012	38-39
GATCGGG	890	0.0	11.769355	1
CGGGGGG	1030	0.0	11.326704	38-39
TCGGGAG	760	3.2352727E-7	9.370861	3
TCTCGGG	885	0.0	8.602471	36-37
GGGGCGC	770	0.0	8.3457575	42-43
GGGCGCC	855	0.0	8.072808	42-43
GGGGGCG	950	0.0	7.770259	40-41
CGGGAGA	1125	1.8831452E-7	7.5941715	4
AGATCGG	2695	0.0	7.479239	94-95
CGGGGGT	880	1.2732926E-11	7.305094	38-39
GAGCGGC	995	1.4848532E-5	7.168717	9
ATCGGGA	1415	2.30375E-8	7.0460954	2
GGCGCCG	880	9.094947E-11	7.0393634	44-45
GCGCCGG	625	1.0193489E-6	6.8617554	44-45
GAGAGCG	1465	4.5352863E-8	6.800805	7
CGGCGTG	595	3.5692337E-6	6.7932434	12-13
GTAGGGG	1280	0.0	6.6730127	18-19
AGAGCGG	1510	5.383663E-7	6.298636	8
>>END_MODULE
