##FastQC	0.11.5
>>Basic Statistics	pass
#Measure	Value
Filename	SRR4841864_1.filter.fastq
File type	Conventional base calls
Encoding	Sanger / Illumina 1.9
Total Sequences	3534127
Sequences flagged as poor quality	0
Sequence length	50-101
%GC	38
>>END_MODULE
>>Per base sequence quality	pass
#Base	Mean	Median	Lower Quartile	Upper Quartile	10th Percentile	90th Percentile
1	32.73580943752163	34.0	31.0	34.0	31.0	34.0
2	32.99788236246179	34.0	31.0	34.0	31.0	34.0
3	33.080975867590496	34.0	31.0	34.0	31.0	34.0
4	36.56981596869609	37.0	37.0	37.0	35.0	37.0
5	36.50007823714315	37.0	37.0	37.0	35.0	37.0
6	36.50940218051021	37.0	37.0	37.0	35.0	37.0
7	36.51114433635237	37.0	37.0	37.0	35.0	37.0
8	36.49883606333332	37.0	37.0	37.0	35.0	37.0
9	38.2927002906234	39.0	38.0	39.0	37.0	39.0
10-11	38.29565024120525	39.0	38.0	39.0	37.0	39.0
12-13	38.285764490070676	39.0	38.0	39.0	37.0	39.0
14-15	39.82217277420987	41.0	40.0	41.0	38.0	41.0
16-17	39.80933862874764	41.0	40.0	41.0	38.0	41.0
18-19	39.83114146718553	41.0	40.0	41.0	38.0	41.0
20-21	39.8264243192166	41.0	40.0	41.0	38.0	41.0
22-23	39.80771149423889	41.0	39.5	41.0	38.0	41.0
24-25	39.8079249840201	41.0	40.0	41.0	38.0	41.0
26-27	39.77680046585762	41.0	39.0	41.0	38.0	41.0
28-29	39.747941570860355	40.5	39.0	41.0	38.0	41.0
30-31	39.70493137343395	40.0	39.0	41.0	38.0	41.0
32-33	39.682623035335176	40.0	39.0	41.0	38.0	41.0
34-35	39.65233931887564	40.0	39.0	41.0	37.5	41.0
36-37	39.6215987710685	40.0	39.0	41.0	37.0	41.0
38-39	39.57503507938453	40.0	39.0	41.0	37.0	41.0
40-41	39.536472656472164	40.0	39.0	41.0	37.0	41.0
42-43	39.50185165954704	40.0	39.0	41.0	37.0	41.0
44-45	39.45570405364606	40.0	39.0	41.0	37.0	41.0
46-47	39.38194071690123	40.0	39.0	41.0	37.0	41.0
48-49	39.337662313776505	40.0	39.0	41.0	36.5	41.0
50-51	39.23429286287826	40.0	38.5	41.0	36.0	41.0
52-53	39.121666645556445	40.0	38.0	41.0	36.0	41.0
54-55	38.99412869885702	40.0	38.0	41.0	35.5	41.0
56-57	38.84309307810709	40.0	38.0	41.0	35.0	41.0
58-59	38.89317614729576	40.0	38.0	41.0	35.0	41.0
60-61	38.75802694387758	40.0	37.5	41.0	35.0	41.0
62-63	38.54621367020438	39.5	37.0	41.0	35.0	41.0
64-65	38.28198190357067	39.0	37.0	41.0	35.0	41.0
66-67	37.992344221334925	39.0	36.0	40.5	34.5	41.0
68-69	37.65610103960971	38.5	36.0	40.0	34.0	41.0
70-71	37.28766795969183	37.5	35.0	39.5	34.0	41.0
72-73	36.916667350538575	37.0	35.0	39.0	34.0	41.0
74-75	36.54632188557603	36.5	35.0	39.0	34.0	40.5
76-77	36.16230670478623	36.0	35.0	38.5	34.0	39.5
78-79	35.80510173657664	36.0	35.0	37.0	33.0	39.0
80-81	35.492120989113516	35.0	35.0	37.0	33.0	39.0
82-83	35.20557014113149	35.0	35.0	36.0	33.0	38.0
84-85	34.97152166382957	35.0	35.0	36.0	33.0	37.0
86-87	34.77869856568408	35.0	34.0	36.0	33.0	37.0
88-89	34.62336259119847	35.0	34.0	35.5	33.0	36.5
90-91	34.50269079156139	35.0	34.0	35.0	33.0	36.0
92-93	34.418111981483214	35.0	34.0	35.0	33.0	36.0
94-95	34.34148313074469	35.0	34.0	35.0	33.0	36.0
96-97	34.30130918355159	35.0	34.0	35.0	33.0	36.0
98-99	34.26994849178217	35.0	34.0	35.0	32.0	36.0
100-101	34.054477004294526	35.0	34.0	35.0	31.5	35.5
>>END_MODULE
>>Per sequence quality scores	pass
#Quality	Count
26	2.0
27	4.0
28	28.0
29	128.0
30	723.0
31	3079.0
32	11604.0
33	37352.0
34	99491.0
35	222100.0
36	473146.0
37	1044046.0
38	1356228.0
39	284094.0
40	2102.0
>>END_MODULE
>>Per base sequence content	pass
#Base	G	A	T	C
1	14.994679025400048	30.383429910696474	33.46014447132205	21.16174659258142
2	20.3263594844882	33.85575643236447	29.719362088537682	16.098521994609637
3	18.40788924899678	31.909982835926055	31.763044101992964	17.919083813084196
4	17.962506848012605	31.39293103994712	31.86298202085418	18.781580091186097
5	19.016634093794593	30.969034219766296	32.33734950668157	17.676982179757548
6	19.032007782510743	30.967596074563154	30.68987158744091	19.31052455548519
7	19.952537076341624	30.830074867145406	31.159208483452915	18.058179573060052
8	19.354737393421345	31.53817052980835	30.612425642881536	18.494666433888764
9	18.602302633719727	30.600598110933763	31.832302574299113	18.9647966810474
10-11	18.86151799298667	30.870877022812138	31.18814066387541	19.079464320325783
12-13	18.685208539478065	31.062876348246682	31.20912180009377	19.04279331218148
14-15	18.769359448599328	31.120769004622638	31.213663232815346	18.896208313962685
16-17	18.834792863980272	30.979093281028103	31.28022846943531	18.90588538555632
18-19	18.831001262829545	30.813974710020325	31.236950454808216	19.118073572341913
20-21	18.97315801045067	30.83106521072955	31.121914973627153	19.073861805192628
22-23	18.965886058989955	30.84600525108464	31.093110123094046	19.094998566831357
24-25	18.888667554957703	30.821812572100548	31.087677381146744	19.201842491795006
26-27	19.048523157204027	30.805330425307297	31.011067231030466	19.135079186458213
28-29	19.098860906809517	30.8179360843569	30.929717579475778	19.153485429357804
30-31	19.010833509944604	30.77522398034932	30.974693325961404	19.23924918374467
32-33	19.108990706898762	30.860520858475095	30.869136847657142	19.161351586969
34-35	19.11312185442119	30.857563975488144	30.856870734979246	19.172443435111415
36-37	19.054168115633647	30.782750591588815	30.89124980511453	19.271831487663007
38-39	19.13012746853749	30.850093955310605	30.81766727681263	19.202111299339272
40-41	19.145704158339527	30.841902399093186	30.82281706345018	19.189576379117106
42-43	19.003151273284747	30.823510303959083	30.87236253818836	19.300975884567816
44-45	19.121935912320073	30.859502219359975	30.821062740529698	19.19749912779026
46-47	19.112824751345947	30.847405879867928	30.831433052632235	19.20833631615389
48-49	19.0339792542826	30.804453263847055	30.831305722742847	19.330261759127502
50-51	19.18997134325909	30.82897988085983	30.761493998779027	19.219554777102054
52-53	19.142389462381505	30.838969413983914	30.832376045017146	19.186265078617435
54-55	19.08660575466193	30.763052754369312	30.852705807242543	19.297635683726217
56-57	19.19308099614501	30.842395341972374	30.794735068027684	19.16978859385494
58-59	19.19015561999133	30.8446513031262	30.77316938864495	19.192023688237526
60-61	19.16579045362053	30.768997782587732	30.802697014185803	19.262514749605934
62-63	19.191808241441784	30.796138976573722	30.80903396704686	19.203018814937636
64-65	19.192368901543905	30.8294458045408	30.783593868779374	19.194591425135922
66-67	19.12569830108503	30.782119867810888	30.821407931290203	19.270773899813882
68-69	19.19781488700267	30.867751246577797	30.764782469254147	19.169651397165385
70-71	19.216705390837983	30.852536458003637	30.7637307244755	19.16702742668287
72-73	19.10597823623789	30.812045077546436	30.816350694790657	19.265625991425022
74-75	19.225960714432425	30.824552134047444	30.779960309309747	19.16952684221038
76-77	19.233433750301764	30.831395263175192	30.77145392663214	19.1637170598909
78-79	19.137035115777113	30.821554936795454	30.795865891565022	19.24554405586241
80-81	19.246003093647676	30.810704332736478	30.740314282292868	19.202978291322978
82-83	19.259724169387738	30.846928765421232	30.74056639944256	19.15278066574847
84-85	19.143328995628224	30.794554254370038	30.8324495123307	19.229667237671034
86-87	19.243758739367237	30.851410940308767	30.777022183759513	19.127808136564482
88-89	19.26157822803511	30.833792409722697	30.756576801163284	19.148052561078906
90-91	19.144659688107136	30.813274301881577	30.806038664409147	19.236027345602135
92-93	19.253727572683694	30.87758335660937	30.734733756162473	19.13395531454446
94-95	19.278238101452274	30.870428513999826	30.708293224326766	19.143040160221133
96-97	19.20318906282198	30.850786251785323	30.750254030739494	19.195770654653206
98-99	19.291519482915298	30.880403664960816	30.68376958938865	19.14430726273524
100-101	19.353503798851897	30.94921687493476	30.480974438213178	19.21630488800017
>>END_MODULE
>>Per sequence GC content	pass
#GC Content	Count
0	64.0
1	103.5
2	206.0
3	316.0
4	417.5
5	449.0
6	436.0
7	435.5
8	435.5
9	458.5
10	538.5
11	634.5
12	730.5
13	907.5
14	1167.0
15	1471.0
16	1770.5
17	2305.0
18	2938.5
19	3619.5
20	5020.5
21	7109.5
22	9351.5
23	12237.0
24	16305.5
25	21574.0
26	28802.0
27	37825.5
28	48386.0
29	62362.0
30	79854.0
31	100022.5
32	122190.0
33	146285.0
34	169421.5
35	189083.5
36	206799.5
37	219934.0
38	226531.0
39	226761.0
40	220032.5
41	207954.0
42	192654.0
43	173921.5
44	152475.0
45	130156.0
46	108533.0
47	89762.5
48	72891.0
49	58088.0
50	46229.0
51	35332.0
52	26743.5
53	20187.5
54	14219.5
55	10102.0
56	7236.5
57	5207.5
58	3731.0
59	2532.5
60	1739.0
61	1129.0
62	887.5
63	646.0
64	323.0
65	191.0
66	130.0
67	89.0
68	60.5
69	38.5
70	19.0
71	11.0
72	9.5
73	11.5
74	9.0
75	3.5
76	2.0
77	2.0
78	2.0
79	1.5
80	0.5
81	0.0
82	0.0
83	0.0
84	0.0
85	0.0
86	0.0
87	0.0
88	0.0
89	0.0
90	0.0
91	0.0
92	0.0
93	0.0
94	0.0
95	0.0
96	0.0
97	0.0
98	0.0
99	0.0
100	0.0
>>END_MODULE
>>Per base N content	pass
#Base	N-Count
1	0.0
2	0.022183696284825076
3	2.829553097554219E-5
4	0.007215360398763258
5	0.0
6	0.0013864810178015672
7	0.0
8	0.0
9	0.0
10-11	0.0
12-13	0.0
14-15	0.0
16-17	0.0
18-19	0.0
20-21	0.0
22-23	0.0
24-25	0.0
26-27	0.0
28-29	0.0
30-31	0.0
32-33	0.0
34-35	0.0
36-37	0.0
38-39	0.0
40-41	0.0
42-43	0.0
44-45	0.0
46-47	0.0
48-49	0.0
50-51	0.0
52-53	0.0
54-55	0.0
56-57	0.0
58-59	0.0
60-61	0.0
62-63	0.0
64-65	0.0
66-67	0.0
68-69	0.0
70-71	0.0
72-73	0.0
74-75	0.0
76-77	0.0
78-79	0.0
80-81	0.0
82-83	0.0
84-85	0.0
86-87	0.0
88-89	0.0
90-91	0.0
92-93	0.0
94-95	0.0
96-97	0.0
98-99	0.0
100-101	0.0
>>END_MODULE
>>Sequence Length Distribution	warn
#Length	Count
50-51	218.0
52-53	220.0
54-55	258.0
56-57	304.0
58-59	314.0
60-61	353.0
62-63	336.0
64-65	410.0
66-67	443.0
68-69	416.0
70-71	468.0
72-73	474.0
74-75	502.0
76-77	534.0
78-79	535.0
80-81	594.0
82-83	731.0
84-85	752.0
86-87	825.0
88-89	933.0
90-91	1189.0
92-93	1655.0
94-95	2484.0
96-97	4469.0
98-99	15211.0
100-101	3499499.0
>>END_MODULE
>>Sequence Duplication Levels	pass
#Total Deduplicated Percentage	86.8577248408445
#Duplication Level	Percentage of deduplicated	Percentage of total
1	91.23649650683674	79.24594509033497
2	7.286478838880445	12.657739480922276
3	0.671050835230972	1.7485784640213196
4	0.17383867294100283	0.6039692648402873
5	0.09259302498399584	0.40212097431206756
6	0.0631776633657162	0.3292480860424128
7	0.05562760160201691	0.3382180839452874
8	0.05549049799434957	0.3855822724859718
9	0.04987453026663413	0.389878940381911
>10	0.31537182789808377	3.8987193427134734
>50	0.0	0.0
>100	0.0	0.0
>500	0.0	0.0
>1k	0.0	0.0
>5k	0.0	0.0
>10k+	0.0	0.0
>>END_MODULE
>>Overrepresented sequences	pass
>>END_MODULE
>>Adapter Content	pass
#Position	Illumina Universal Adapter	Illumina Small RNA 3' Adapter	Illumina Small RNA 5' Adapter	Nextera Transposase Sequence	SOLID Small RNA Adapter
1	0.0	0.0	0.0	2.8295530975542193E-5	0.0
2	0.0	0.0	0.0	2.8295530975542193E-5	0.0
3	0.0	0.0	0.0	2.8295530975542193E-5	0.0
4	0.0	0.0	0.0	2.8295530975542193E-5	0.0
5	0.0	0.0	0.0	2.8295530975542193E-5	0.0
6	0.0	0.0	0.0	2.8295530975542193E-5	0.0
7	0.0	0.0	0.0	2.8295530975542193E-5	0.0
8	5.6591061951084386E-5	0.0	0.0	2.8295530975542193E-5	0.0
9	8.488659292662658E-5	0.0	0.0	5.6591061951084386E-5	0.0
10-11	8.488659292662658E-5	0.0	0.0	5.6591061951084386E-5	0.0
12-13	8.488659292662658E-5	0.0	0.0	5.6591061951084386E-5	0.0
14-15	9.903435841439768E-5	0.0	0.0	5.6591061951084386E-5	0.0
16-17	1.1318212390216877E-4	0.0	0.0	5.6591061951084386E-5	0.0
18-19	1.2732988938993987E-4	0.0	0.0	5.6591061951084386E-5	0.0
20-21	1.4147765487771097E-4	0.0	0.0	8.488659292662658E-5	0.0
22-23	1.6977318585325316E-4	0.0	0.0	1.4147765487771097E-4	0.0
24-25	2.2636424780433755E-4	0.0	0.0	1.4147765487771097E-4	0.0
26-27	2.2636424780433755E-4	0.0	0.0	1.4147765487771097E-4	0.0
28-29	2.6880754426765084E-4	0.0	0.0	1.4147765487771097E-4	0.0
30-31	4.38580730120904E-4	0.0	0.0	1.4147765487771097E-4	0.0
32-33	5.659106195108439E-4	0.0	0.0	1.4147765487771097E-4	0.0
34-35	7.073882743885548E-4	0.0	0.0	1.4147765487771097E-4	0.0
36-37	8.630136947540369E-4	0.0	0.0	1.4147765487771097E-4	0.0
38-39	9.903435841439768E-4	0.0	0.0	1.6977318585325316E-4	0.0
40-41	0.00116011676999723	2.8295530975542193E-5	0.0	1.6977318585325316E-4	0.0
42-43	0.0014572198452404228	2.8295530975542193E-5	0.0	1.9806871682879535E-4	0.0
44-45	0.0015845497346303628	2.8295530975542193E-5	0.0	2.2636424780433755E-4	0.0
46-47	0.0017118796240203028	2.8295530975542193E-5	0.0	2.4051201329210864E-4	0.0
48-49	0.001909948340849098	2.8295530975542193E-5	0.0	2.5465977877987974E-4	0.0
50-51	0.00219290365060452	2.8295530975542193E-5	0.0	2.5465977877987974E-4	0.0
52-53	0.0024192678984088574	2.8295530975542193E-5	0.0	2.5465977877987974E-4	0.0
54-55	0.0027305187391398218	2.8295530975542193E-5	0.0	2.5465977877987974E-4	0.0
56-57	0.0029144396904808457	2.8295530975542193E-5	0.0	2.8295530975542193E-4	0.0
58-59	0.0032256905312118096	2.8295530975542193E-5	0.0	2.8295530975542193E-4	0.0
60-61	0.0037208623232837983	2.8295530975542193E-5	0.0	2.8295530975542193E-4	0.0
62-63	0.004159443053404702	2.8295530975542193E-5	0.0	2.9710307524319303E-4	0.0
64-65	0.004866831327793256	2.8295530975542193E-5	0.0	3.112508407309641E-4	0.0
66-67	0.005659106195108439	2.8295530975542193E-5	0.0	3.112508407309641E-4	0.0
68-69	0.006875814027056753	2.8295530975542193E-5	0.0	3.112508407309641E-4	0.0
70-71	0.008432068230711574	2.8295530975542193E-5	0.0	3.253986062187352E-4	0.0
72-73	0.010780597301681575	2.8295530975542193E-5	0.0	3.395463717065063E-4	0.0
74-75	0.013864810178015673	2.8295530975542193E-5	0.0	3.395463717065063E-4	0.0
76-77	0.01849112949251682	2.8295530975542193E-5	0.0	3.395463717065063E-4	0.0
78-79	0.02474444183811165	2.8295530975542193E-5	0.0	3.395463717065063E-4	0.0
80-81	0.032766224869677854	2.8295530975542193E-5	0.0	3.395463717065063E-4	0.0
82-83	0.043858073012090396	2.8295530975542193E-5	0.0	3.678419026820485E-4	0.0
84-85	0.05959038823449186	2.8295530975542193E-5	0.0	3.678419026820485E-4	0.0
86-87	0.08106669624492838	2.8295530975542193E-5	0.0	3.961374336575907E-4	0.0
88-89	0.10980080795059147	2.8295530975542193E-5	0.0	3.961374336575907E-4	0.0
>>END_MODULE
>>Kmer Content	fail
#Sequence	Count	PValue	Obs/Exp Max	Max Obs/Exp Position
AGATCGG	1735	0.0	8.053197	94-95
GATCGGA	1680	0.0	6.596117	94-95
>>END_MODULE
