##FastQC	0.11.5
>>Basic Statistics	pass
#Measure	Value
Filename	SRR4841864_2.trim.fastq
File type	Conventional base calls
Encoding	Sanger / Illumina 1.9
Total Sequences	5231764
Sequences flagged as poor quality	0
Sequence length	19-101
%GC	38
>>END_MODULE
>>Per base sequence quality	pass
#Base	Mean	Median	Lower Quartile	Upper Quartile	10th Percentile	90th Percentile
1	31.144356090985756	31.0	30.0	34.0	28.0	34.0
2	31.086358062022676	31.0	31.0	34.0	27.0	34.0
3	30.95973480455158	31.0	31.0	34.0	27.0	34.0
4	34.58534521052555	37.0	35.0	37.0	30.0	37.0
5	34.507334428693646	37.0	35.0	37.0	30.0	37.0
6	34.54253957173909	37.0	35.0	37.0	30.0	37.0
7	34.66081516673917	37.0	35.0	37.0	30.0	37.0
8	34.70089285372964	37.0	35.0	37.0	31.0	37.0
9	35.96504028086894	39.0	35.0	39.0	30.0	39.0
10-11	36.12794346228155	39.0	35.0	39.0	30.0	39.0
12-13	36.05292775056367	39.0	35.0	39.0	30.0	39.0
14-15	37.25582012109109	40.0	36.0	41.0	31.0	41.0
16-17	37.068365182374436	40.0	36.0	41.0	30.5	41.0
18-19	37.05814664040656	39.5	36.0	41.0	30.0	41.0
20-21	37.260854574728	40.0	36.0	41.0	31.0	41.0
22-23	37.14059311349891	39.5	36.0	41.0	30.5	41.0
24-25	37.074707431750866	39.0	36.0	41.0	30.0	41.0
26-27	36.848388316530155	39.0	36.0	41.0	30.0	41.0
28-29	36.78637226844637	39.0	36.0	41.0	30.0	41.0
30-31	36.59051861778252	39.0	36.0	41.0	29.5	41.0
32-33	36.96087209369627	39.0	36.0	41.0	30.0	41.0
34-35	37.159855535199966	39.5	36.0	41.0	30.0	41.0
36-37	37.106824262999055	39.5	36.0	41.0	30.0	41.0
38-39	36.971917778540124	39.0	36.0	41.0	30.0	41.0
40-41	37.04961364657163	39.0	36.0	41.0	30.0	41.0
42-43	36.95680447903982	39.0	36.0	41.0	30.0	41.0
44-45	36.872185747926785	39.0	35.0	40.5	30.0	41.0
46-47	36.79057392324406	39.0	35.0	40.0	30.0	41.0
48-49	36.77039605546348	39.0	35.0	40.0	30.0	41.0
50-51	36.71266819653059	39.0	35.0	40.0	30.0	41.0
52-53	36.592914636939085	39.0	35.0	40.0	29.5	41.0
54-55	36.437238051386586	39.0	35.0	40.0	29.0	41.0
56-57	36.29623837965438	38.0	34.5	40.0	29.0	41.0
58-59	36.122334525753956	38.0	34.0	40.0	29.0	41.0
60-61	36.29403960284337	38.0	34.0	40.0	29.0	41.0
62-63	36.190954560791496	38.0	34.0	40.0	29.0	41.0
64-65	35.99280867150713	37.5	34.0	40.0	29.0	41.0
66-67	35.71232172998253	37.0	34.0	40.0	29.0	41.0
68-69	35.475576271209306	36.5	34.0	39.0	29.0	41.0
70-71	35.22503466096201	36.0	34.0	39.0	29.0	40.5
72-73	34.91188978065229	36.0	33.5	39.0	29.0	40.0
74-75	34.61568122030099	35.0	33.0	37.5	29.0	39.5
76-77	34.316652782661166	35.0	33.0	37.0	29.0	39.0
78-79	34.00513668574569	35.0	33.0	37.0	29.0	39.0
80-81	33.730350614890305	35.0	33.0	36.0	29.0	38.5
82-83	33.51973634794557	35.0	33.0	36.0	29.0	37.0
84-85	33.316151537689024	35.0	32.0	35.5	29.0	37.0
86-87	33.1845690255874	35.0	32.0	35.0	29.0	36.5
88-89	33.0603486042492	35.0	32.0	35.0	29.0	36.0
90-91	32.95958162279388	35.0	32.0	35.0	29.0	36.0
92-93	32.92330631441679	34.0	32.0	35.0	29.0	36.0
94-95	32.949138774824135	34.0	32.0	35.0	29.0	35.5
96-97	32.978837287725796	34.0	32.0	35.0	29.0	35.0
98-99	33.073501936158195	34.0	32.5	35.0	29.0	35.0
100-101	33.07645903004075	34.0	32.5	35.0	29.0	35.0
>>END_MODULE
>>Per sequence quality scores	pass
#Quality	Count
15	1.0
16	7.0
17	26.0
18	307.0
19	1651.0
20	5882.0
21	14817.0
22	27625.0
23	40681.0
24	54587.0
25	67452.0
26	79274.0
27	92411.0
28	106628.0
29	121288.0
30	142651.0
31	170003.0
32	204115.0
33	259986.0
34	343893.0
35	471523.0
36	700486.0
37	1088712.0
38	1049002.0
39	187343.0
40	1413.0
>>END_MODULE
>>Per base sequence content	pass
#Base	G	A	T	C
1	14.364447631812139	30.018097146583827	35.14288870828272	20.474566513321317
2	20.60392851715823	34.53587665300966	28.772445904760268	16.087748925071846
3	19.04612541611427	32.102747539248924	31.0368298400378	17.814297204599008
4	18.10026254094138	31.214330702189496	31.59987498960636	19.085531767262758
5	19.331140323629818	30.699472481066987	32.06113538620399	17.9082518090992
6	19.44517184629882	30.758623853386368	30.306725716830634	19.48947858348418
7	20.186844323094565	30.519900426663682	31.026751111196916	18.26650413904484
8	19.532408362242265	31.404588869419815	30.431589673562442	18.631413094775482
9	18.973795858394823	30.459129258509947	31.520711180169936	19.04636370292529
10-11	19.08088104231372	30.700775591800788	31.00294205153402	19.215401314351464
12-13	18.891383144486344	30.86653727463526	31.13849567139496	19.103583909483437
14-15	18.899519173595102	30.978492305887755	31.15166137544269	18.970327145074446
16-17	19.12646366195842	30.76453497290808	31.105240103594546	19.003761261538955
18-19	19.13495452901174	30.629626603168326	31.041486572307974	19.193932295511964
20-21	19.228889608074464	30.6977477250018	30.918170453102217	19.155192213821522
22-23	19.283398578026535	30.66267991105703	30.88268273850254	19.171238772413897
24-25	19.211559630091685	30.580852939877396	30.888068731257707	19.319518698773216
26-27	19.32849954219672	30.60369107551773	30.847622555564115	19.220186826721434
28-29	19.443048059595146	30.59842072716805	30.704610030065833	19.253921183170974
30-31	19.448787428076443	30.520560174721545	30.688960926988468	19.34169147021354
32-33	19.398816150870147	30.641582575612674	30.65370507986806	19.305896193649115
34-35	19.34673526496149	30.67203953221293	30.665357630039058	19.31586757278652
36-37	19.331483492410978	30.617045816578486	30.676069141057845	19.375401549952695
38-39	19.44913357245552	30.652907884512388	30.573077069817916	19.324881473214177
40-41	19.37909768786323	30.664096819911347	30.64748243183193	19.309323060393492
42-43	19.319796392597443	30.592437619288344	30.660702746118552	19.42706324199566
44-45	19.397989645202294	30.689396420207377	30.586636072005575	19.325977862584757
46-47	19.369761424664294	30.70533564510796	30.607472029776638	19.317430900451107
48-49	19.290610521405544	30.63801418370793	30.62687713041091	19.44449816447562
50-51	19.431124466188194	30.665954349739373	30.543180920160186	19.359740263912254
52-53	19.396549580605946	30.659035818332036	30.602363186347553	19.342051414714465
54-55	19.300704792347684	30.639835648406127	30.64229705439053	19.41716250485566
56-57	19.414762716544626	30.69069029106283	30.57132300519447	19.323223987198084
58-59	19.39785262878875	30.671914192985007	30.57780691617904	19.3524262620472
60-61	19.28059152031657	30.627383602425816	30.67665142968027	19.41537344757734
62-63	19.381873147273854	30.732007187512387	30.565434629913263	19.320685035300496
64-65	19.38157062967232	30.67342163907326	30.61339153430599	19.33161619694843
66-67	19.272232030563824	30.662403907616948	30.660210615337043	19.40515344648219
68-69	19.378013644660193	30.681930023737852	30.579429717286487	19.360626614315468
70-71	19.33123754804633	30.69975464267582	30.624343289074275	19.344664520203576
72-73	19.24848332203826	30.661678333267183	30.642838292869524	19.447000051825032
74-75	19.343384344896027	30.715377736579953	30.623550143111046	19.31768777541298
76-77	19.31454585714007	30.713080040126776	30.658568001843395	19.313806100889757
78-79	19.249824447598787	30.689566624616948	30.66150229556189	19.39910663222238
80-81	19.329544741907316	30.700997284081243	30.643852841905872	19.32560513210557
82-83	19.305401303311086	30.72902578201689	30.649700375513234	19.315872539158793
84-85	19.2129163053769	30.702213873163082	30.70023263388174	19.384637187578278
86-87	19.305009203856525	30.726937857211595	30.668773012810156	19.299279926121724
88-89	19.295938880796097	30.771085288815552	30.627877861731562	19.30509796865679
90-91	19.20172455373749	30.723799577343314	30.673593767244515	19.400882101674686
92-93	19.306316250266857	30.76577496594138	30.626079943464795	19.30182884032697
94-95	19.199672185145136	30.837523146344825	30.66263276408634	19.300171904423703
96-97	19.125776712821004	30.798194222457866	30.704500576820713	19.371528487900413
98-99	19.165807494442845	30.932910734862528	30.602978053533242	19.29830371716138
100-101	19.350243453770048	30.927652493643194	30.355126538064297	19.366977514522464
>>END_MODULE
>>Per sequence GC content	pass
#GC Content	Count
0	338.0
1	399.5
2	573.5
3	800.5
4	967.0
5	1053.5
6	1138.5
7	1200.5
8	1250.0
9	1347.0
10	1514.5
11	1744.0
12	1987.0
13	2300.0
14	2778.5
15	3337.0
16	3948.0
17	4835.0
18	5992.0
19	7292.0
20	9425.0
21	12637.5
22	16302.0
23	20847.5
24	27343.5
25	35674.0
26	46224.0
27	59125.5
28	75107.5
29	95471.5
30	120121.0
31	149145.5
32	181722.5
33	215760.5
34	248937.0
35	278220.0
36	305238.5
37	325651.5
38	336234.0
39	338418.5
40	330979.5
41	316408.5
42	295693.0
43	269358.0
44	239680.0
45	208793.5
46	177684.0
47	149678.0
48	124685.5
49	101979.5
50	83080.5
51	65807.5
52	51225.0
53	39919.5
54	29677.5
55	22008.5
56	16854.5
57	12877.0
58	9778.0
59	7510.0
60	5951.0
61	4823.0
62	4197.5
63	3603.0
64	2710.0
65	2028.0
66	1540.0
67	1162.0
68	892.0
69	665.0
70	495.0
71	371.0
72	275.5
73	213.0
74	171.5
75	135.5
76	104.0
77	89.0
78	74.0
79	59.0
80	46.0
81	35.0
82	30.0
83	20.5
84	15.5
85	13.5
86	9.5
87	7.5
88	6.5
89	6.0
90	6.5
91	5.5
92	3.0
93	2.0
94	1.5
95	1.0
96	1.5
97	0.5
98	3.5
99	11.0
100	19.0
>>END_MODULE
>>Per base N content	pass
#Base	N-Count
1	0.0
2	3.631662284460843E-4
3	5.351923366573875E-4
4	0.0038036883926721465
5	0.00560040552287909
6	0.0010321566492678185
7	0.004644704921705184
8	0.002006971262465203
9	0.015233867582712063
10-11	0.004023499530942145
12-13	0.012099169610861651
14-15	0.10813752302282749
16-17	0.0077889598995673345
18-19	0.002513492581087373
20-21	0.007277398856826788
22-23	0.00833615352457548
24-25	0.025019394340999975
26-27	0.08225340587099501
28-29	0.13573244377696586
30-31	0.08130830889089935
32-33	0.079435463132399
34-35	0.04757868382578811
36-37	0.053201600441336275
38-39	0.1286550249158779
40-41	0.1226585109397792
42-43	0.18205068460516852
44-45	0.1405181805263906
46-47	0.09819436644503896
48-49	0.017266253598026846
50-51	0.010307933702173719
52-53	0.0069227087369751915
54-55	0.0012013861065459524
56-57	0.0025831748040260737
58-59	0.0038621703162215666
60-61	0.002170211984539056
62-63	4.919425226163196E-4
64-65	1.1830520692763743E-4
66-67	5.038619039004938E-4
68-69	0.0022079852827384563
70-71	7.939075534349403E-5
72-73	0.0023574362790941953
74-75	2.3931555750553418E-4
76-77	9.496780591379523E-4
78-79	7.416946238766333E-4
80-81	5.627982328135489E-4
82-83	0.0
84-85	5.256321484708653E-4
86-87	4.360316254751984E-4
88-89	6.004254879601969E-4
90-91	6.846664453252457E-4
92-93	0.0022179840927413082
94-95	0.001033192977511315
96-97	0.0
98-99	0.0
100-101	0.0
>>END_MODULE
>>Sequence Length Distribution	warn
#Length	Count
18-19	2173.0
20-21	4302.0
22-23	4288.0
24-25	4290.0
26-27	4574.0
28-29	4814.0
30-31	4853.0
32-33	5450.0
34-35	5773.0
36-37	6360.0
38-39	6541.0
40-41	7079.0
42-43	7387.0
44-45	7814.0
46-47	8077.0
48-49	8987.0
50-51	8715.0
52-53	8883.0
54-55	9126.0
56-57	9202.0
58-59	9083.0
60-61	9580.0
62-63	10146.0
64-65	10689.0
66-67	10920.0
68-69	11440.0
70-71	11543.0
72-73	12298.0
74-75	12546.0
76-77	12880.0
78-79	13409.0
80-81	13689.0
82-83	14705.0
84-85	15275.0
86-87	16917.0
88-89	19690.0
90-91	22562.0
92-93	27389.0
94-95	37545.0
96-97	51889.0
98-99	100687.0
100-101	4658194.0
>>END_MODULE
>>Sequence Duplication Levels	pass
#Total Deduplicated Percentage	87.09323702587935
#Duplication Level	Percentage of deduplicated	Percentage of total
1	91.47679952488504	79.67010583389659
2	7.191310029900127	12.526289379213503
3	0.6711429116011685	1.7535602603495806
4	0.15876591800040063	0.5530975091216087
5	0.06080630021232751	0.26479087585295086
6	0.039613301714799376	0.20700304053748167
7	0.03066205193531318	0.1869320149831437
8	0.029063569677798832	0.20249922902133544
9	0.028401351739280982	0.2226209092996112
>10	0.3134019771689466	4.4114883840205525
>50	3.306316472665464E-5	0.0016125637037239663
>100	0.0	0.0
>500	0.0	0.0
>1k	0.0	0.0
>5k	0.0	0.0
>10k+	0.0	0.0
>>END_MODULE
>>Overrepresented sequences	pass
>>END_MODULE
>>Adapter Content	pass
#Position	Illumina Universal Adapter	Illumina Small RNA 3' Adapter	Illumina Small RNA 5' Adapter	Nextera Transposase Sequence	SOLID Small RNA Adapter
1	1.9114012023478123E-5	0.0	0.0	0.0	0.0
2	5.734203607043437E-5	0.0	0.0	0.0	0.0
3	9.557006011739062E-5	0.0	0.0	0.0	0.0
4	1.1468407214086873E-4	0.0	0.0	1.9114012023478123E-5	0.0
5	1.3379808416434687E-4	0.0	0.0	1.9114012023478123E-5	0.0
6	1.720261082113031E-4	0.0	0.0	1.9114012023478123E-5	0.0
7	2.1025413225825935E-4	0.0	0.0	1.9114012023478123E-5	0.0
8	2.8671018035217186E-4	0.0	0.0	1.9114012023478123E-5	0.0
9	3.0582419237565E-4	0.0	0.0	1.9114012023478123E-5	0.0
10-11	3.0582419237565E-4	0.0	0.0	1.9114012023478123E-5	0.0
12-13	3.0582419237565E-4	0.0	0.0	2.8671018035217183E-5	0.0
14-15	3.1538119838738903E-4	0.0	0.0	5.734203607043437E-5	0.0
16-17	3.249382043991281E-4	0.0	0.0	5.734203607043437E-5	0.0
18-19	3.4405221642260625E-4	0.0	0.0	5.734203607043437E-5	0.0
20-21	3.6316622844608437E-4	0.0	0.0	5.734203607043437E-5	0.0
22-23	4.205082645165187E-4	0.0	0.0	5.734203607043437E-5	0.0
24-25	4.396222765399968E-4	0.0	0.0	5.734203607043437E-5	0.0
26-27	5.160783246339093E-4	0.0	0.0	5.734203607043437E-5	1.9114012023478123E-5
28-29	5.925343727278218E-4	0.0	0.0	5.734203607043437E-5	1.9114012023478123E-5
30-31	7.932314989743421E-4	0.0	0.0	5.734203607043437E-5	1.9114012023478123E-5
32-33	9.461435951621671E-4	0.0	0.0	7.64560480939125E-5	1.9114012023478123E-5
34-35	0.0011086126973617312	0.0	0.0	7.64560480939125E-5	1.9114012023478123E-5
36-37	0.0012328537755143388	0.0	0.0	8.601305410565156E-5	1.9114012023478123E-5
38-39	0.0013857658717021638	0.0	0.0	9.557006011739062E-5	1.9114012023478123E-5
40-41	0.001557791979913467	0.0	0.0	1.0512706612912968E-4	1.9114012023478123E-5
42-43	0.001863616172289117	0.0	0.0	1.1468407214086873E-4	1.9114012023478123E-5
44-45	0.0020738703045473763	0.0	0.0	1.1468407214086873E-4	1.9114012023478123E-5
46-47	0.002226782400735201	0.0	0.0	1.1468407214086873E-4	1.9114012023478123E-5
48-49	0.002437036532993461	0.0	0.0	1.1468407214086873E-4	1.9114012023478123E-5
50-51	0.002742860725369111	0.0	9.557006011739062E-6	1.1468407214086873E-4	1.9114012023478123E-5
52-53	0.00295311485762737	0.0	1.9114012023478123E-5	1.1468407214086873E-4	1.9114012023478123E-5
54-55	0.0033162810860734547	0.0	1.9114012023478123E-5	1.242410781526078E-4	1.9114012023478123E-5
56-57	0.00356476324237867	0.0	1.9114012023478123E-5	1.3379808416434687E-4	1.9114012023478123E-5
58-59	0.003908815458801276	0.0	1.9114012023478123E-5	1.3379808416434687E-4	1.9114012023478123E-5
60-61	0.0043102097112943175	0.0	1.9114012023478123E-5	1.3379808416434687E-4	1.9114012023478123E-5
62-63	0.004826288035928225	0.0	1.9114012023478123E-5	1.3379808416434687E-4	1.9114012023478123E-5
64-65	0.0055239494747851775	0.0	1.9114012023478123E-5	1.3379808416434687E-4	1.9114012023478123E-5
66-67	0.006479650075959084	0.0	1.9114012023478123E-5	1.3379808416434687E-4	1.9114012023478123E-5
68-69	0.007788959899567335	0.0	1.9114012023478123E-5	1.3379808416434687E-4	1.9114012023478123E-5
70-71	0.009404093915551238	0.0	1.9114012023478123E-5	1.3379808416434687E-4	1.9114012023478123E-5
72-73	0.011535306256169048	0.0	1.9114012023478123E-5	1.52912096187825E-4	1.9114012023478123E-5
74-75	0.014603105185937286	0.0	1.9114012023478123E-5	1.52912096187825E-4	1.9114012023478123E-5
76-77	0.019085341005442905	0.0	1.9114012023478123E-5	1.52912096187825E-4	1.9114012023478123E-5
78-79	0.024962899702662432	0.0	1.9114012023478123E-5	1.52912096187825E-4	1.9114012023478123E-5
80-81	0.03270407457217107	0.0	1.9114012023478123E-5	1.6246910219956404E-4	1.9114012023478123E-5
82-83	0.04374241651572969	0.0	1.9114012023478123E-5	1.720261082113031E-4	1.9114012023478123E-5
84-85	0.059033626134512185	0.0	1.9114012023478123E-5	1.9114012023478124E-4	1.9114012023478123E-5
86-87	0.07922757983731682	0.0	1.9114012023478123E-5	1.9114012023478124E-4	1.9114012023478123E-5
88-89	0.10681865619320749	0.0	1.9114012023478123E-5	2.2936814428173747E-4	1.9114012023478123E-5
>>END_MODULE
>>Kmer Content	fail
#Sequence	Count	PValue	Obs/Exp Max	Max Obs/Exp Position
GATCGGA	2285	0.0	6.8977776	92-93
AGCGTCG	1105	6.7777364E-8	5.7301817	94-95
AGATCGG	2450	0.0	5.707281	94-95
TCGGAAG	2915	0.0	5.611418	94-95
>>END_MODULE
