##FastQC	0.11.5
>>Basic Statistics	pass
#Measure	Value
Filename	SRR4841864_1.trim.fastq
File type	Conventional base calls
Encoding	Sanger / Illumina 1.9
Total Sequences	5391541
Sequences flagged as poor quality	0
Sequence length	19-101
%GC	38
>>END_MODULE
>>Per base sequence quality	pass
#Base	Mean	Median	Lower Quartile	Upper Quartile	10th Percentile	90th Percentile
1	31.95714824388797	31.0	31.0	34.0	30.0	34.0
2	32.153363203581314	33.0	31.0	34.0	30.0	34.0
3	32.26140634004267	34.0	31.0	34.0	30.0	34.0
4	35.79965282652956	37.0	35.0	37.0	35.0	37.0
5	35.634603539136585	37.0	35.0	37.0	33.0	37.0
6	35.616426732171746	37.0	35.0	37.0	33.0	37.0
7	35.609242144314585	37.0	35.0	37.0	33.0	37.0
8	35.58833198152439	37.0	35.0	37.0	33.0	37.0
9	37.1761689283268	39.0	37.0	39.0	33.0	39.0
10-11	37.179550985516016	39.0	37.0	39.0	33.0	39.0
12-13	37.1557450828993	39.0	37.0	39.0	33.0	39.0
14-15	38.44487763331486	40.0	38.0	41.0	33.5	41.0
16-17	38.42290923875011	40.0	38.0	41.0	33.0	41.0
18-19	38.448008556366354	40.0	38.0	41.0	33.5	41.0
20-21	38.44292156560644	40.0	38.0	41.0	34.0	41.0
22-23	38.40992545923295	40.0	38.0	41.0	34.0	41.0
24-25	38.38388535941078	40.0	38.0	41.0	34.0	41.0
26-27	38.274222616212214	40.0	38.0	41.0	34.0	41.0
28-29	38.209730638213216	40.0	38.0	41.0	33.0	41.0
30-31	38.13541251717551	40.0	38.0	41.0	33.0	41.0
32-33	38.088733718129994	40.0	38.0	41.0	33.0	41.0
34-35	38.03233079145771	40.0	37.5	41.0	33.0	41.0
36-37	37.9807937296426	40.0	37.0	41.0	33.0	41.0
38-39	37.91183192513552	40.0	37.0	41.0	33.0	41.0
40-41	37.85294048283305	40.0	37.0	41.0	33.0	41.0
42-43	37.785910752130405	40.0	37.0	41.0	33.0	41.0
44-45	37.730579581138564	40.0	37.0	41.0	32.0	41.0
46-47	37.632123248293006	40.0	37.0	41.0	32.0	41.0
48-49	37.58060816885353	40.0	37.0	41.0	32.0	41.0
50-51	37.46986809704077	39.0	36.5	41.0	31.5	41.0
52-53	37.36187120139844	39.0	36.0	41.0	31.0	41.0
54-55	37.224933921495946	39.0	36.0	40.5	31.0	41.0
56-57	37.06955220526828	39.0	36.0	40.0	31.0	41.0
58-59	37.14695425056183	39.0	36.0	40.0	31.0	41.0
60-61	37.021531577440754	39.0	35.5	40.0	31.0	41.0
62-63	36.827453742708975	38.5	35.0	40.0	31.0	41.0
64-65	36.58023487752257	38.0	35.0	40.0	31.0	41.0
66-67	36.321825462470656	37.5	35.0	40.0	31.0	41.0
68-69	36.01324903040587	37.0	34.5	39.5	30.0	41.0
70-71	35.67820650021502	36.5	34.0	39.0	30.0	41.0
72-73	35.350736422503296	36.0	34.0	39.0	30.0	40.0
74-75	35.02926622768064	36.0	34.0	38.0	30.0	40.0
76-77	34.69039974672643	35.0	34.0	37.0	29.5	39.0
78-79	34.376549523806744	35.0	34.0	37.0	29.0	39.0
80-81	34.105957922278435	35.0	33.5	36.0	29.0	38.5
82-83	33.85563171885667	35.0	33.0	36.0	29.0	37.0
84-85	33.660542407342625	35.0	33.0	36.0	29.0	37.0
86-87	33.503263444842915	35.0	33.0	35.0	29.0	36.5
88-89	33.38334344553871	35.0	33.0	35.0	29.0	36.0
90-91	33.305605716730454	35.0	33.0	35.0	29.0	36.0
92-93	33.265344794578816	35.0	33.0	35.0	29.0	36.0
94-95	33.24089676578194	35.0	33.0	35.0	29.0	36.0
96-97	33.28154425216428	35.0	33.0	35.0	29.0	35.0
98-99	33.36348701451391	35.0	33.0	35.0	29.0	35.0
100-101	33.313009123028614	34.5	32.5	35.0	29.5	35.0
>>END_MODULE
>>Per sequence quality scores	pass
#Quality	Count
19	2.0
20	20.0
21	166.0
22	928.0
23	3522.0
24	9631.0
25	20634.0
26	36345.0
27	56350.0
28	77780.0
29	102500.0
30	127248.0
31	155907.0
32	192568.0
33	243478.0
34	318204.0
35	434582.0
36	670308.0
37	1205587.0
38	1439634.0
39	294005.0
40	2142.0
>>END_MODULE
>>Per base sequence content	pass
#Base	G	A	T	C
1	14.694555786555272	30.327563121563944	33.05155242258196	21.926328669298815
2	19.85057874156669	33.93881050465255	29.48218777839279	16.728422975387964
3	17.98383680410008	31.844930954382335	31.611656701612983	18.559575539904603
4	17.693228787868378	31.27130283432487	31.497678957734028	19.53778942007272
5	19.142641831951877	30.861930146475803	32.06605757651016	17.929370445062162
6	19.20303194931616	30.85047009273873	30.418836873581416	19.527661084363697
7	19.962585835849154	30.83576662034101	30.877795420641334	18.323852123168496
8	19.38451362977672	31.534323860284104	30.346166337230855	18.73499617270832
9	18.81795946650503	30.452054431191378	31.51907775532079	19.2109083469828
10-11	18.956398550989412	30.80363295020848	30.90754572765004	19.332422771152068
12-13	18.711023434672942	30.95560248915848	30.963791242615052	19.369582833553526
14-15	18.80919573828707	31.029523841143003	30.95799512606878	19.203285294501146
16-17	18.949554496571576	30.814167971642988	31.005226520581036	19.231051011204404
18-19	18.875716608665314	30.64295532575937	31.04257205871197	19.438756006863343
20-21	19.091794588201054	30.651821360351306	30.944220946471745	19.312163104975895
22-23	19.028198335735883	30.811868299379086	30.837790405259437	19.3221429596256
24-25	18.996821327436667	30.630466097096527	30.875864813198493	19.496847762268313
26-27	19.18336820493182	30.606409583483384	30.722147296370366	19.488074915214426
28-29	19.30801231127347	30.684722730985758	30.649511345767085	19.35775361197369
30-31	19.173074253269	30.55506577350218	30.746931448412774	19.52492852481605
32-33	19.292255487662082	30.692935131943642	30.58300878157737	19.4318005988169
34-35	19.339282420144887	30.697839413648637	30.586394998778697	19.37648316742778
36-37	19.297882476174028	30.566149520230372	30.66458285161361	19.471385151981995
38-39	19.327552500244526	30.68993341604582	30.528970099501134	19.453543984208522
40-41	19.402949849876133	30.686342119625966	30.545667778495705	19.365040252002196
42-43	19.223665524370467	30.57401057874905	30.65741254621011	19.54491135067037
44-45	19.338276294882082	30.613526715135475	30.606218364768694	19.44197862521375
46-47	19.38050668988406	30.60312206992008	30.628795151136313	19.387576089059547
48-49	19.248877058416042	30.63482725106655	30.61078083478288	19.50551485573453
50-51	19.40299146671806	30.62257905191239	30.491165299693645	19.483264181675906
52-53	19.361126511608497	30.60777131453678	30.55878469210431	19.472317481750412
54-55	19.21002491354073	30.56239624794546	30.64976885169938	19.577809986814426
56-57	19.33494416681797	30.620122400591367	30.66183397970895	19.383099452881723
58-59	19.30655507503977	30.636576115099857	30.59525175761478	19.461617052245593
60-61	19.332020875713027	30.573876715808673	30.552562583306468	19.54153982517183
62-63	19.305564184140913	30.59146111040785	30.6853785260487	19.417596179402537
64-65	19.36791392786168	30.691288106313667	30.532300377425237	19.408497588399413
66-67	19.251284212370017	30.697405302495145	30.55121158801086	19.500098897123973
68-69	19.33291616557527	30.76807314382979	30.515234645626226	19.383776044968712
70-71	19.327949615813452	30.753775448620736	30.51621217919069	19.402062756375127
72-73	19.235652994520468	30.68177573014615	30.58350117600944	19.49907009932394
74-75	19.348149485110287	30.679896951553975	30.56261612573753	19.409337437598207
76-77	19.34243701948157	30.688164423596266	30.56760358602601	19.401794970896155
78-79	19.25394487216098	30.651414009185146	30.59578101541759	19.49886010323629
80-81	19.36228681418125	30.667482924042293	30.530501548130196	19.43972871364626
82-83	19.348485156389934	30.690404974382794	30.554948791589258	19.40616107763801
84-85	19.246977450682778	30.641642295825122	30.625147829993	19.486232423499104
86-87	19.31549143277959	30.696984779400644	30.600799350440006	19.38672443737976
88-89	19.3402896556066	30.7087496299348	30.55989616396097	19.391064550497624
90-91	19.21053043216838	30.68489547168602	30.61087143299704	19.493702663148564
92-93	19.29968772965454	30.757245775744497	30.55125130702959	19.39181518757137
94-95	19.27784347532308	30.767556932804414	30.553960013202143	19.400639578670358
96-97	19.14576333959675	30.772362814213345	30.603249520509912	19.47862432567999
98-99	19.186330122249927	30.836818123261743	30.54650889928503	19.430342855203296
100-101	19.238749420655356	30.93025307862012	30.286024846996295	19.54497265372823
>>END_MODULE
>>Per sequence GC content	pass
#GC Content	Count
0	275.0
1	336.0
2	522.0
3	713.0
4	848.5
5	905.5
6	953.5
7	1008.0
8	1037.5
9	1112.0
10	1241.0
11	1395.0
12	1574.5
13	1834.5
14	2212.5
15	2709.5
16	3196.5
17	3966.0
18	4942.0
19	6056.5
20	8143.0
21	11167.0
22	14451.5
23	18790.5
24	24985.5
25	32861.5
26	43320.0
27	56112.5
28	71631.5
29	92123.0
30	117226.0
31	146218.5
32	178922.5
33	214295.0
34	248340.0
35	278137.5
36	305835.5
37	327250.0
38	339114.5
39	341883.0
40	334550.0
41	319313.5
42	298378.5
43	272008.0
44	242065.0
45	210452.5
46	179192.5
47	151162.0
48	124714.5
49	100729.5
50	81529.0
51	63933.0
52	49427.5
53	38077.0
54	27402.5
55	19829.0
56	14631.5
57	10860.5
58	7955.0
59	5746.5
60	4427.0
61	3523.0
62	3248.0
63	2850.5
64	1979.0
65	1314.5
66	874.5
67	559.5
68	384.0
69	267.0
70	182.0
71	134.5
72	107.5
73	92.5
74	74.5
75	51.5
76	38.0
77	32.0
78	23.0
79	14.0
80	13.5
81	13.5
82	11.5
83	9.5
84	6.0
85	3.0
86	1.5
87	0.5
88	0.0
89	0.0
90	0.0
91	0.5
92	1.0
93	0.5
94	0.0
95	0.0
96	0.0
97	0.5
98	2.0
99	3.5
100	4.0
>>END_MODULE
>>Per base N content	pass
#Base	N-Count
1	0.0
2	0.04354970128206388
3	6.12069907286247E-4
4	0.10783558912006791
5	3.7095145896136186E-5
6	0.002930516525794759
7	0.0
8	0.0
9	0.0
10-11	0.0
12-13	0.0
14-15	0.0
16-17	0.0
18-19	0.0
20-21	0.0
22-23	0.0
24-25	0.0
26-27	0.0
28-29	0.0
30-31	0.0
32-33	9.281959666729381E-5
34-35	0.0
36-37	0.0
38-39	0.0
40-41	0.0
42-43	0.0
44-45	0.0
46-47	0.0
48-49	0.0
50-51	0.0
52-53	0.0
54-55	0.0
56-57	0.0012309100537655918
58-59	8.957107212654601E-4
60-61	7.18868333196406E-4
62-63	9.248719939791768E-4
64-65	0.0
66-67	0.0
68-69	0.0
70-71	0.0
72-73	3.379056345952294E-4
74-75	1.316070375547262E-4
76-77	0.0025508395980290955
78-79	0.001046111758098248
80-81	1.7930702553237672E-4
82-83	7.56157032265126E-5
84-85	5.491812654196843E-4
86-87	4.07965730119664E-4
88-89	1.902037281642554E-5
90-91	2.7659981757765134E-4
92-93	1.1487201008499666E-4
94-95	8.657767123379916E-5
96-97	9.685200007128307E-6
98-99	9.781636698666312E-6
100-101	0.0
>>END_MODULE
>>Sequence Length Distribution	warn
#Length	Count
18-19	76.0
20-21	227.0
22-23	443.0
24-25	786.0
26-27	903.0
28-29	972.0
30-31	1058.0
32-33	1124.0
34-35	1236.0
36-37	1448.0
38-39	1602.0
40-41	1829.0
42-43	1934.0
44-45	2060.0
46-47	2272.0
48-49	2524.0
50-51	2557.0
52-53	2797.0
54-55	3035.0
56-57	3011.0
58-59	3135.0
60-61	3505.0
62-63	3732.0
64-65	4250.0
66-67	4572.0
68-69	5216.0
70-71	6372.0
72-73	7851.0
74-75	7449.0
76-77	6485.0
78-79	7022.0
80-81	7899.0
82-83	9150.0
84-85	10084.0
86-87	11948.0
88-89	14529.0
90-91	17715.0
92-93	23713.0
94-95	32114.0
96-97	45983.0
98-99	77509.0
100-101	5049414.0
>>END_MODULE
>>Sequence Duplication Levels	pass
#Total Deduplicated Percentage	83.2576452851427
#Duplication Level	Percentage of deduplicated	Percentage of total
1	88.39203736165189	73.59312892687494
2	9.79707087139371	16.31362102887803
3	1.0416188608497725	2.6016820091683437
4	0.20484182354521904	0.6821859153715856
5	0.09304516389961676	0.3873360625726129
6	0.04534344386799388	0.22651130193409283
7	0.03045153006868702	0.17747258821940207
8	0.02167266876109966	0.1443532294475223
9	0.020720618463376705	0.1552634911901337
>10	0.35261924561259117	5.596830818889145
>50	3.481489365250131E-4	0.019198290191005454
>100	1.411225206330792E-4	0.0242110458075467
>500	2.2285218483920535E-5	0.011652005042195095
>1k	6.685521041967876E-5	0.06655328641335725
>5k	0.0	0.0
>10k+	0.0	0.0
>>END_MODULE
>>Overrepresented sequences	pass
>>END_MODULE
>>Adapter Content	pass
#Position	Illumina Universal Adapter	Illumina Small RNA 3' Adapter	Illumina Small RNA 5' Adapter	Nextera Transposase Sequence	SOLID Small RNA Adapter
1	1.8547572948068093E-5	0.0	0.0	1.8547572948068093E-5	0.0
2	5.564271884420428E-5	0.0	0.0	1.8547572948068093E-5	0.0
3	5.564271884420428E-5	0.0	0.0	1.8547572948068093E-5	0.0
4	7.419029179227237E-5	0.0	0.0	1.8547572948068093E-5	0.0
5	9.273786474034047E-5	0.0	0.0	1.8547572948068093E-5	0.0
6	1.2983301063647666E-4	0.0	0.0	1.8547572948068093E-5	0.0
7	1.6692815653261285E-4	0.0	0.0	1.8547572948068093E-5	0.0
8	2.596660212729533E-4	0.0	0.0	1.8547572948068093E-5	0.0
9	2.7821359422102143E-4	0.0	0.0	3.7095145896136186E-5	0.0
10-11	2.7821359422102143E-4	0.0	0.0	3.7095145896136186E-5	0.0
12-13	3.060349536431235E-4	0.0	0.0	3.7095145896136186E-5	0.0
14-15	3.245825265911917E-4	0.0	0.0	4.6368932370170234E-5	0.0
16-17	3.338563130652257E-4	0.0	0.0	5.564271884420428E-5	0.0
18-19	3.6167767248732784E-4	0.0	0.0	5.564271884420428E-5	0.0
20-21	3.8949903190943E-4	0.0	0.0	8.346407826630641E-5	0.0
22-23	4.544155372276683E-4	0.0	0.0	1.2983301063647666E-4	0.0
24-25	5.007844695978386E-4	0.0	0.0	1.2983301063647666E-4	0.0
26-27	5.564271884420427E-4	0.0	0.0	1.2983301063647666E-4	0.0
28-29	6.306174802343152E-4	0.0	0.0	1.2983301063647666E-4	0.0
30-31	8.624621420851664E-4	0.0	0.0	1.2983301063647666E-4	0.0
32-33	0.0010293902986177792	0.0	0.0	1.2983301063647666E-4	0.0
34-35	0.0011870446686763582	0.0	0.0	1.2983301063647666E-4	0.0
36-37	0.0013261514657868685	0.0	0.0	1.2983301063647666E-4	0.0
38-39	0.0014838058358454475	0.0	0.0	1.4838058358454474E-4	0.0
40-41	0.0016692815653261285	1.8547572948068093E-5	0.0	1.4838058358454474E-4	0.0
42-43	0.001984590305443286	1.8547572948068093E-5	0.0	1.6692815653261285E-4	0.0
44-45	0.0021607922484499333	1.8547572948068093E-5	0.0	1.8547572948068093E-4	0.0
46-47	0.002327720404982546	1.8547572948068093E-5	0.0	1.94749515954715E-4	0.0
48-49	0.002541017493885329	1.8547572948068093E-5	0.0	2.0402330242874904E-4	0.0
50-51	0.0028285048745803846	1.8547572948068093E-5	0.0	2.0402330242874904E-4	0.0
52-53	0.0030139806040610654	1.8547572948068093E-5	0.0	2.0402330242874904E-4	0.0
54-55	0.0033663844900743587	1.8547572948068093E-5	0.0	2.0402330242874904E-4	0.0
56-57	0.003616776724873278	1.8547572948068093E-5	0.0	2.2257087537681713E-4	0.0
58-59	0.003950633037938504	1.8547572948068093E-5	0.0	2.2257087537681713E-4	0.0
60-61	0.004358679642796002	1.8547572948068093E-5	0.0	2.4111844832488524E-4	0.0
62-63	0.004850190325919806	1.8547572948068093E-5	0.0	2.503922347989193E-4	0.0
64-65	0.005517902952050258	1.8547572948068093E-5	0.0	2.596660212729533E-4	0.0
66-67	0.006445281599453663	1.8547572948068093E-5	0.0	2.7821359422102143E-4	0.0
68-69	0.007687968986974225	1.8547572948068093E-5	0.0	2.7821359422102143E-4	0.0
70-71	0.009273786474034047	1.8547572948068093E-5	0.0	2.8748738069505546E-4	0.0
72-73	0.011462400081906082	1.8547572948068093E-5	0.0	2.967611671690895E-4	0.0
74-75	0.014578392337181521	1.8547572948068093E-5	0.0	2.967611671690895E-4	0.0
76-77	0.01894634576645156	1.8547572948068093E-5	0.0	2.967611671690895E-4	0.0
78-79	0.025029949693417895	1.8547572948068093E-5	0.0	2.967611671690895E-4	0.0
80-81	0.03277356139923632	1.8547572948068093E-5	0.0	2.967611671690895E-4	0.0
82-83	0.04405975953813576	1.8547572948068093E-5	0.0	3.153087401171576E-4	0.0
84-85	0.05938932857971403	1.8547572948068093E-5	0.0	3.153087401171576E-4	0.0
86-87	0.07943925493657565	1.8547572948068093E-5	0.0	3.338563130652257E-4	0.0
88-89	0.10630541435185228	1.8547572948068093E-5	0.0	3.338563130652257E-4	0.0
>>END_MODULE
>>Kmer Content	fail
#Sequence	Count	PValue	Obs/Exp Max	Max Obs/Exp Position
GAGCACA	2985	0.0	24.39206	9
GATCGGA	3115	0.0	23.561821	1
CACGAGT	1620	0.0	22.506441	30-31
AGAGCAC	3290	0.0	22.273571	8
AGTCACG	1620	0.0	22.211185	28-29
GTCACGA	1855	0.0	20.284832	28-29
CGAGTAC	1770	0.0	20.07256	32-33
TCACGAG	1885	0.0	19.591984	30-31
TCGGAAG	3890	0.0	19.222075	3
GCACACG	1975	0.0	18.908676	10-11
GCCGTCT	1825	0.0	18.893482	50-51
ACACGTC	2130	0.0	17.642962	12-13
GAGTACG	2015	0.0	17.521393	34-35
CGGAAGA	4265	0.0	17.421549	4
ACGTCTG	2175	0.0	17.386246	14-15
CACACGT	2165	0.0	17.032282	12-13
ACGAGTA	2240	0.0	16.596178	32-33
TGCCGTC	2075	0.0	16.495266	48-49
CGATCTC	2015	0.0	16.246378	38-39
CGTCTGA	2330	0.0	15.827162	16-17
>>END_MODULE
