##FastQC	0.11.5
>>Basic Statistics	pass
#Measure	Value
Filename	SRR4841864_1.trim.fastq
File type	Conventional base calls
Encoding	Sanger / Illumina 1.9
Total Sequences	5231764
Sequences flagged as poor quality	0
Sequence length	19-101
%GC	38
>>END_MODULE
>>Per base sequence quality	pass
#Base	Mean	Median	Lower Quartile	Upper Quartile	10th Percentile	90th Percentile
1	32.02459323471013	31.0	31.0	34.0	30.0	34.0
2	32.23103182788826	33.0	31.0	34.0	30.0	34.0
3	32.33554227598951	34.0	31.0	34.0	30.0	34.0
4	35.9082479637843	37.0	35.0	37.0	35.0	37.0
5	35.7390633446004	37.0	35.0	37.0	33.0	37.0
6	35.717308158395525	37.0	35.0	37.0	33.0	37.0
7	35.707684253341704	37.0	35.0	37.0	33.0	37.0
8	35.68671618215195	37.0	35.0	37.0	33.0	37.0
9	37.29631573595445	39.0	37.0	39.0	34.0	39.0
10-11	37.299278025537845	39.0	37.0	39.0	34.0	39.0
12-13	37.27437514383294	39.0	37.0	39.0	33.5	39.0
14-15	38.58263350563978	40.0	38.0	41.0	34.0	41.0
16-17	38.56177677357006	40.0	38.0	41.0	34.0	41.0
18-19	38.58775070893871	40.0	38.0	41.0	34.0	41.0
20-21	38.582372295710556	40.0	38.0	41.0	34.0	41.0
22-23	38.54911480716145	40.0	38.0	41.0	34.0	41.0
24-25	38.52550420062586	40.0	38.0	41.0	34.0	41.0
26-27	38.42950920409656	40.0	38.0	41.0	34.0	41.0
28-29	38.370466329084195	40.0	38.0	41.0	34.0	41.0
30-31	38.30076797112511	40.0	38.0	41.0	34.0	41.0
32-33	38.254121353995984	40.0	38.0	41.0	34.0	41.0
34-35	38.20067983926549	40.0	38.0	41.0	33.5	41.0
36-37	38.15296304413222	40.0	38.0	41.0	33.0	41.0
38-39	38.082845709418095	40.0	38.0	41.0	33.0	41.0
40-41	38.024706790381956	40.0	37.0	41.0	33.0	41.0
42-43	37.97255292452181	40.0	37.0	41.0	33.0	41.0
44-45	37.9076512116108	40.0	37.0	41.0	33.0	41.0
46-47	37.807919460804506	40.0	37.0	41.0	33.0	41.0
48-49	37.752707315702324	40.0	37.0	41.0	33.0	41.0
50-51	37.64112701636687	39.5	37.0	41.0	32.0	41.0
52-53	37.53310028456008	39.0	36.5	41.0	32.0	41.0
54-55	37.40134975571298	39.0	36.0	41.0	31.5	41.0
56-57	37.240756138512324	39.0	36.0	40.0	31.0	41.0
58-59	37.31770739510026	39.0	36.0	40.5	32.0	41.0
60-61	37.19001203775021	39.0	36.0	40.5	31.0	41.0
62-63	36.992831618441116	39.0	35.0	40.0	31.0	41.0
64-65	36.74440490756096	38.0	35.0	40.0	31.0	41.0
66-67	36.48043120997188	37.5	35.0	40.0	31.0	41.0
68-69	36.16739835801239	37.0	35.0	39.5	31.0	41.0
70-71	35.828791496302316	36.5	34.0	39.0	30.5	41.0
72-73	35.49498300871862	36.0	34.0	39.0	30.0	40.5
74-75	35.16739513602922	36.0	34.0	38.5	30.0	40.0
76-77	34.82257084107255	35.0	34.0	37.0	30.0	39.0
78-79	34.502752223778245	35.0	34.0	37.0	30.0	39.0
80-81	34.22667837890559	35.0	34.0	36.0	30.0	38.5
82-83	33.9718514123065	35.0	34.0	36.0	29.0	37.0
84-85	33.77218446721757	35.0	33.0	36.0	29.0	37.0
86-87	33.61018300805874	35.0	33.0	35.0	29.0	36.5
88-89	33.484869764728444	35.0	33.0	35.0	29.0	36.0
90-91	33.401499332037055	35.0	33.0	35.0	29.0	36.0
92-93	33.35491465997342	35.0	33.0	35.0	29.0	36.0
94-95	33.323397918083565	35.0	33.0	35.0	29.0	36.0
96-97	33.354363884716655	35.0	33.0	35.0	29.0	35.0
98-99	33.42451307764779	35.0	33.0	35.0	30.0	35.0
100-101	33.35910513045826	34.5	32.5	35.0	29.5	35.0
>>END_MODULE
>>Per sequence quality scores	pass
#Quality	Count
19	1.0
20	14.0
21	87.0
22	519.0
23	2062.0
24	6103.0
25	14017.0
26	26279.0
27	43254.0
28	62842.0
29	86837.0
30	112221.0
31	142463.0
32	180835.0
33	233115.0
34	308994.0
35	426275.0
36	662131.0
37	1196267.0
38	1432356.0
39	292969.0
40	2123.0
>>END_MODULE
>>Per base sequence content	pass
#Base	G	A	T	C
1	14.619696148373665	30.355344774726078	33.21736225104955	21.80759682585071
2	19.93825419423062	33.8314429377159	29.580925919374778	16.6493769486787
3	18.04569669424631	31.88078116013416	31.578874936278577	18.494647209340954
4	17.73658530989626	31.317474944842328	31.609265724238405	19.336674021023008
5	19.037888191397087	30.89958985137321	32.150583302527906	17.9119386547018
6	19.094703679343255	30.89253734937963	30.497802494182963	19.51495647709416
7	19.99574139812117	30.738886539989192	30.957971345802292	18.307400716087347
8	19.414235810330894	31.436108356569605	30.427137003886262	18.722518829213243
9	18.70281228281704	30.50131848454938	31.596742513614913	19.199126719018672
10-11	18.920033472457856	30.775508987026175	30.98880224719617	19.315655293319807
12-13	18.748083820294646	30.93093457579509	31.040553434749736	19.280428169160537
14-15	18.843864134544294	31.01049665084281	31.0343413808421	19.11129783377079
16-17	18.914987373283658	30.862611539817163	31.0803392507766	19.14206183612258
18-19	18.905248784157695	30.69437000598651	31.04811302650502	19.35226818335078
20-21	19.052201032997406	30.698619379266862	30.951674403682116	19.297505184053616
22-23	19.060776648921426	30.724063118255934	30.908610423496352	19.306549809326288
24-25	19.023610185805595	30.68403681510532	30.88143674112336	19.410916257965727
26-27	19.204434041915345	30.65596732304059	30.7984433934848	19.341155241559267
28-29	19.256592348911337	30.67175864745344	30.72635109618004	19.345297907455187
30-31	19.192111790183226	30.614136867508773	30.751776627709216	19.441974714598782
32-33	19.310507347594548	30.683510445239754	30.65660724978474	19.349374957380956
34-35	19.288109980217467	30.6842025063489	30.66087210549741	19.36681540793622
36-37	19.248106446019683	30.6167015445882	30.673350062872107	19.46184194652001
38-39	19.345222345529812	30.680017060402992	30.600418433464956	19.37434216060224
40-41	19.35459200546126	30.672979429249764	30.614572592031685	19.357855973257287
42-43	19.245845446025196	30.622225426422762	30.65622378136578	19.475705346186263
44-45	19.354704321684004	30.67032536485545	30.60697301113115	19.367997302329403
46-47	19.333099898019743	30.655973988089052	30.63105612554541	19.3798699883458
48-49	19.266884841326952	30.621579281323125	30.612043843082525	19.499492034267394
50-51	19.35463460262858	30.675952230279112	30.563220505420453	19.406192661671856
52-53	19.313410957926664	30.659169673622245	30.62891150382049	19.398507864630606
54-55	19.23388744086674	30.61385755594117	30.64714085079739	19.505114152394697
56-57	19.355824610960845	30.674056805984655	30.594097858616838	19.376020724437662
58-59	19.321166627102016	30.689031833794665	30.5973897317824	19.39241180732092
60-61	19.289234614007785	30.627304961336506	30.61526675342887	19.46819367122684
62-63	19.323578810630575	30.640668148823003	30.622827674766235	19.412925365780183
64-65	19.32396666237091	30.675013897090363	30.598036519052958	19.402982921485766
66-67	19.269701667806842	30.62564240149635	30.61318049811238	19.491475432584423
68-69	19.350773869759006	30.701528095587367	30.576076562027104	19.37162147262652
70-71	19.343726783128037	30.691165374953382	30.57345131720065	19.39165652471793
72-73	19.245087022151083	30.643305565924845	30.629419129395647	19.482188282528423
74-75	19.34588237201654	30.68037861373265	30.589319297105078	19.384419717145732
76-77	19.339067954243465	30.699181635559995	30.587702846235103	19.37404756396144
78-79	19.25458282779943	30.66059771343797	30.6130605237581	19.471758935004495
80-81	19.36171432089577	30.67621364655626	30.551432763336067	19.4106392692119
82-83	19.3533034936957	30.70055944958799	30.570181466843906	19.375955589872408
84-85	19.24924482721567	30.650012080240757	30.642110661217732	19.458632431325846
86-87	19.316999142816695	30.710624017000544	30.61526042971175	19.357116410471015
88-89	19.344788928944322	30.712170147131047	30.579030194399337	19.3640107295253
90-91	19.212927242703117	30.69501323758466	30.623463477197248	19.468596042514974
92-93	19.307713288324653	30.757436699683833	30.567708178214314	19.3671418337772
94-95	19.28968311713663	30.77319284852181	30.564203194104962	19.372920840236603
96-97	19.161134547712095	30.77428350864509	30.61023775004407	19.45434419359874
98-99	19.20228343639679	30.836658750386274	30.554365350222994	19.406692462993934
100-101	19.25618025660157	30.92613512572859	30.29707004940644	19.5206145682634
>>END_MODULE
>>Per sequence GC content	pass
#GC Content	Count
0	265.0
1	324.5
2	501.0
3	682.5
4	813.0
5	865.5
6	905.5
7	952.5
8	978.5
9	1050.5
10	1178.0
11	1325.5
12	1499.5
13	1757.5
14	2126.0
15	2605.0
16	3080.0
17	3840.5
18	4788.0
19	5861.5
20	7901.0
21	10831.0
22	14019.0
23	18270.0
24	24289.5
25	31945.5
26	42167.5
27	54613.0
28	69669.5
29	89641.0
30	114157.5
31	142414.0
32	174263.0
33	208705.0
34	241834.5
35	270839.0
36	297713.0
37	318335.5
38	329807.0
39	332299.0
40	324845.0
41	309819.0
42	289236.0
43	263358.5
44	233949.0
45	202354.5
46	170706.0
47	143281.0
48	118245.0
49	95617.5
50	77421.0
51	60575.5
52	46605.0
53	35658.0
54	25556.5
55	18468.0
56	13640.5
57	10100.5
58	7345.0
59	5270.5
60	4007.5
61	3102.0
62	2806.0
63	2433.5
64	1653.0
65	1100.0
66	746.0
67	476.5
68	329.0
69	233.0
70	155.5
71	113.5
72	93.5
73	81.5
74	66.0
75	46.5
76	35.0
77	29.5
78	20.0
79	12.0
80	12.5
81	12.0
82	9.0
83	7.5
84	5.5
85	3.0
86	1.5
87	0.5
88	0.0
89	0.0
90	0.0
91	0.0
92	0.0
93	0.0
94	0.0
95	0.0
96	0.0
97	0.0
98	1.0
99	2.5
100	3.0
>>END_MODULE
>>Per base N content	pass
#Base	N-Count
1	0.0
2	0.04317855316103708
3	1.3379808416434687E-4
4	0.024924671678615475
5	3.822802404695625E-5
6	0.0028862158155451966
7	0.0
8	0.0
9	0.0
10-11	0.0
12-13	0.0
14-15	0.0
16-17	0.0
18-19	0.0
20-21	0.0
22-23	0.0
24-25	0.0
26-27	0.0
28-29	0.0
30-31	0.0
32-33	0.0
34-35	0.0
36-37	0.0
38-39	0.0
40-41	0.0
42-43	0.0
44-45	0.0
46-47	0.0
48-49	0.0
50-51	0.0
52-53	0.0
54-55	0.0
56-57	0.001123060237399576
58-59	8.066514171136861E-4
60-61	6.629136785512358E-4
62-63	8.554895514927812E-4
64-65	0.0
66-67	0.0
68-69	0.0
70-71	0.0
72-73	0.0
74-75	0.0
76-77	0.0010915914804859185
78-79	3.481149046073298E-4
80-81	0.0
82-83	6.784962158812119E-5
84-85	5.338768134581996E-4
86-87	1.458454040661504E-4
88-89	1.948484220541525E-5
90-91	6.836581767715415E-5
92-93	3.918794735491152E-5
94-95	8.855069084297306E-5
96-97	0.0
98-99	9.987736058893285E-6
100-101	0.0
>>END_MODULE
>>Sequence Length Distribution	warn
#Length	Count
18-19	61.0
20-21	182.0
22-23	370.0
24-25	621.0
26-27	692.0
28-29	774.0
30-31	839.0
32-33	893.0
34-35	975.0
36-37	1114.0
38-39	1209.0
40-41	1372.0
42-43	1490.0
44-45	1594.0
46-47	1717.0
48-49	1909.0
50-51	1952.0
52-53	2096.0
54-55	2333.0
56-57	2270.0
58-59	2364.0
60-61	2569.0
62-63	2685.0
64-65	3048.0
66-67	3315.0
68-69	3526.0
70-71	3886.0
72-73	4080.0
74-75	4675.0
76-77	5071.0
78-79	5556.0
80-81	6250.0
82-83	7327.0
84-85	8157.0
86-87	9752.0
88-89	12019.0
90-91	14727.0
92-93	20119.0
94-95	27740.0
96-97	40550.0
98-99	70410.0
100-101	4949475.0
>>END_MODULE
>>Sequence Duplication Levels	pass
#Total Deduplicated Percentage	83.53775739589682
#Duplication Level	Percentage of deduplicated	Percentage of total
1	88.54116172307955	73.96530087573485
2	9.677883184681022	16.16937315175425
3	1.0096277487148924	2.5302611379693043
4	0.19905614397549778	0.6651481545435137
5	0.093914425336307	0.392270023985974
6	0.04592064454421442	0.23016645980386782
7	0.03007260067344548	0.17585383335253804
8	0.024035493023656634	0.1606296948080799
9	0.020859319931489685	0.15682867270921622
>10	0.35736109285204837	5.549493548154145
>50	1.0762318800384663E-4	0.004674447184213573
>100	0.0	0.0
>500	0.0	0.0
>1k	0.0	0.0
>5k	0.0	0.0
>10k+	0.0	0.0
>>END_MODULE
>>Overrepresented sequences	pass
>>END_MODULE
>>Adapter Content	pass
#Position	Illumina Universal Adapter	Illumina Small RNA 3' Adapter	Illumina Small RNA 5' Adapter	Nextera Transposase Sequence	SOLID Small RNA Adapter
1	1.9114012023478123E-5	0.0	0.0	1.9114012023478123E-5	0.0
2	5.734203607043437E-5	0.0	0.0	1.9114012023478123E-5	0.0
3	5.734203607043437E-5	0.0	0.0	1.9114012023478123E-5	0.0
4	7.64560480939125E-5	0.0	0.0	1.9114012023478123E-5	0.0
5	9.557006011739062E-5	0.0	0.0	1.9114012023478123E-5	0.0
6	1.3379808416434687E-4	0.0	0.0	1.9114012023478123E-5	0.0
7	1.720261082113031E-4	0.0	0.0	1.9114012023478123E-5	0.0
8	2.6759616832869375E-4	0.0	0.0	1.9114012023478123E-5	0.0
9	2.8671018035217186E-4	0.0	0.0	3.822802404695625E-5	0.0
10-11	2.8671018035217186E-4	0.0	0.0	3.822802404695625E-5	0.0
12-13	3.1538119838738903E-4	0.0	0.0	3.822802404695625E-5	0.0
14-15	3.3449521041086714E-4	0.0	0.0	4.778503005869531E-5	0.0
16-17	3.440522164226062E-4	0.0	0.0	5.734203607043437E-5	0.0
18-19	3.727232344578234E-4	0.0	0.0	5.734203607043437E-5	0.0
20-21	4.013942524930406E-4	0.0	0.0	8.601305410565156E-5	0.0
22-23	4.68293294575214E-4	0.0	0.0	1.3379808416434687E-4	0.0
24-25	5.160783246339093E-4	0.0	0.0	1.3379808416434687E-4	0.0
26-27	5.734203607043437E-4	0.0	0.0	1.3379808416434687E-4	0.0
28-29	6.498764087982562E-4	0.0	0.0	1.3379808416434687E-4	0.0
30-31	8.792445530799936E-4	0.0	0.0	1.3379808416434687E-4	0.0
32-33	0.0010417136552795577	0.0	0.0	1.3379808416434687E-4	0.0
34-35	0.0012041827574791218	0.0	0.0	1.3379808416434687E-4	0.0
36-37	0.0013475378476552075	0.0	0.0	1.3379808416434687E-4	0.0
38-39	0.0015100069498547718	0.0	0.0	1.52912096187825E-4	0.0
40-41	0.001701147070089553	1.9114012023478123E-5	0.0	1.52912096187825E-4	0.0
42-43	0.0020260852744886813	1.9114012023478123E-5	0.0	1.720261082113031E-4	0.0
44-45	0.0022076683887117233	1.9114012023478123E-5	0.0	1.9114012023478124E-4	0.0
46-47	0.002379694496923026	1.9114012023478123E-5	0.0	2.006971262465203E-4	0.0
48-49	0.002599505635193025	1.9114012023478123E-5	0.0	2.1025413225825935E-4	0.0
50-51	0.0028766588095334574	1.9114012023478123E-5	0.0	2.1025413225825935E-4	0.0
52-53	0.003067798929768239	1.9114012023478123E-5	0.0	2.1025413225825935E-4	0.0
54-55	0.003411851146190845	1.9114012023478123E-5	0.0	2.1025413225825935E-4	0.0
56-57	0.0036698903085077995	1.9114012023478123E-5	0.0	2.2936814428173747E-4	0.0
58-59	0.004013942524930406	1.9114012023478123E-5	0.0	2.2936814428173747E-4	0.0
60-61	0.004434450789446925	1.9114012023478123E-5	0.0	2.484821563052156E-4	0.0
62-63	0.004940972108069095	1.9114012023478123E-5	0.0	2.5803916231695464E-4	0.0
64-65	0.005629076540914307	1.9114012023478123E-5	0.0	2.6759616832869375E-4	0.0
66-67	0.006584777142088214	1.9114012023478123E-5	0.0	2.8671018035217186E-4	0.0
68-69	0.007865415947661249	1.9114012023478123E-5	0.0	2.8671018035217186E-4	0.0
70-71	0.009470992957633411	1.9114012023478123E-5	0.0	2.962671863639109E-4	0.0
72-73	0.011697775358368611	1.9114012023478123E-5	0.0	3.0582419237565E-4	0.0
74-75	0.014861144348254241	1.9114012023478123E-5	0.0	3.0582419237565E-4	0.0
76-77	0.01929559513770117	1.9114012023478123E-5	0.0	3.0582419237565E-4	0.0
78-79	0.025507649045331555	1.9114012023478123E-5	0.0	3.0582419237565E-4	0.0
80-81	0.03345907804709845	1.9114012023478123E-5	0.0	3.0582419237565E-4	0.0
82-83	0.04504216933332619	1.9114012023478123E-5	0.0	3.249382043991281E-4	0.0
84-85	0.06072521619859	1.9114012023478123E-5	0.0	3.249382043991281E-4	0.0
86-87	0.08124410810579376	1.9114012023478123E-5	0.0	3.440522164226062E-4	0.0
88-89	0.10876828541960226	1.9114012023478123E-5	0.0	3.440522164226062E-4	0.0
>>END_MODULE
>>Kmer Content	fail
#Sequence	Count	PValue	Obs/Exp Max	Max Obs/Exp Position
GATCGGA	2425	0.0	6.4913716	92-93
AGATCGG	2690	0.0	5.711923	94-95
TCGGAAG	3055	0.0	5.029484	94-95
>>END_MODULE
