##FastQC	0.11.5
>>Basic Statistics	pass
#Measure	Value
Filename	SRR4841864_2.filter.fastq
File type	Conventional base calls
Encoding	Sanger / Illumina 1.9
Total Sequences	3534127
Sequences flagged as poor quality	0
Sequence length	50-101
%GC	38
>>END_MODULE
>>Per base sequence quality	pass
#Base	Mean	Median	Lower Quartile	Upper Quartile	10th Percentile	90th Percentile
1	32.110187607859025	31.0	31.0	34.0	30.0	34.0
2	32.360659082143904	34.0	31.0	34.0	31.0	34.0
3	32.26468912973416	34.0	31.0	34.0	31.0	34.0
4	36.05036038603027	37.0	35.0	37.0	35.0	37.0
5	35.981404742953494	37.0	35.0	37.0	35.0	37.0
6	36.04456121695683	37.0	35.0	37.0	35.0	37.0
7	36.144723152280605	37.0	35.0	37.0	35.0	37.0
8	36.124714250506564	37.0	35.0	37.0	35.0	37.0
9	37.7258222469085	39.0	37.0	39.0	35.0	39.0
10-11	37.858938713860596	39.0	38.0	39.0	35.0	39.0
12-13	37.833393791451186	39.0	38.0	39.0	35.0	39.0
14-15	39.220894014278485	40.0	39.0	41.0	36.0	41.0
16-17	39.1001540125751	40.0	38.5	41.0	36.0	41.0
18-19	39.12376111554565	40.0	38.5	41.0	36.0	41.0
20-21	39.33312102253258	40.0	39.0	41.0	37.0	41.0
22-23	39.19483241547347	40.0	39.0	41.0	36.0	41.0
24-25	39.17275553481808	40.0	39.0	41.0	36.0	41.0
26-27	38.96917003831498	40.0	38.5	41.0	36.0	41.0
28-29	38.952149427567264	40.0	38.0	41.0	36.0	41.0
30-31	38.80010042083943	40.0	38.0	41.0	36.0	41.0
32-33	39.1359533768877	40.0	38.0	41.0	36.0	41.0
34-35	39.287434916741816	40.0	39.0	41.0	36.5	41.0
36-37	39.21990607581448	40.0	38.5	41.0	36.5	41.0
38-39	39.165251984436324	40.0	38.0	41.0	36.0	41.0
40-41	39.19702546060173	40.0	38.0	41.0	36.0	41.0
42-43	39.10765105498473	40.0	38.0	41.0	36.0	41.0
44-45	39.02959740835573	40.0	38.0	41.0	36.0	41.0
46-47	38.96566591975897	40.0	38.0	41.0	36.0	41.0
48-49	38.926714857728655	40.0	38.0	41.0	35.5	41.0
50-51	38.8579115929557	40.0	38.0	41.0	35.0	41.0
52-53	38.75100199138524	40.0	38.0	41.0	35.0	41.0
54-55	38.60821928909004	40.0	38.0	41.0	35.0	41.0
56-57	38.438793485505414	40.0	37.5	41.0	34.5	41.0
58-59	38.26621483716423	39.5	37.0	41.0	34.0	41.0
60-61	38.350946534750705	39.0	37.0	41.0	34.0	41.0
62-63	38.206187388684576	39.0	37.0	41.0	34.0	41.0
64-65	37.9597208355068	39.0	36.0	40.0	34.0	41.0
66-67	37.640759019720505	39.0	36.0	40.0	34.0	41.0
68-69	37.336296231125374	38.0	35.5	40.0	34.0	41.0
70-71	37.006778889092935	37.0	35.0	39.5	33.5	41.0
72-73	36.63328216427918	37.0	35.0	39.0	33.0	41.0
74-75	36.26674804101741	36.0	35.0	39.0	33.0	40.0
76-77	35.89553988007924	36.0	35.0	37.5	33.0	39.5
78-79	35.53027650133087	35.5	34.5	37.0	32.5	39.0
80-81	35.194020181198795	35.0	34.0	37.0	32.0	39.0
82-83	34.927616081023345	35.0	34.0	36.0	32.0	37.5
84-85	34.67959741879268	35.0	34.0	36.0	32.0	37.0
86-87	34.497514617097465	35.0	34.0	36.0	32.0	37.0
88-89	34.32575538221536	35.0	34.0	35.0	32.0	36.0
90-91	34.18744588271287	35.0	34.0	35.0	32.0	36.0
92-93	34.099748997533695	35.0	34.0	35.0	32.0	36.0
94-95	34.04936643072202	35.0	34.0	35.0	32.0	36.0
96-97	34.00231297555308	35.0	34.0	35.0	31.5	36.0
98-99	33.97801226794142	35.0	34.0	35.0	31.0	35.5
100-101	33.798924344853354	35.0	33.5	35.0	30.5	35.0
>>END_MODULE
>>Per sequence quality scores	pass
#Quality	Count
23	11.0
24	84.0
25	521.0
26	144.0
27	464.0
28	2491.0
29	3136.0
30	7837.0
31	14538.0
32	26794.0
33	72889.0
34	172458.0
35	342368.0
36	620330.0
37	1049199.0
38	1034237.0
39	185217.0
40	1409.0
>>END_MODULE
>>Per base sequence content	pass
#Base	G	A	T	C
1	14.157018126400098	30.07987545439086	35.14454913476511	20.618557284443938
2	20.40261733809642	34.88286350935522	28.698928306157818	16.01559084639055
3	18.77315104975005	32.39280874739362	31.1075125483606	17.726527654495722
4	17.76741469675538	31.446606191571497	31.757998509957343	19.027980601715786
5	18.96596997154025	30.903672037744112	32.32360359626203	17.806754394453602
6	19.079789718932002	31.017674237513255	30.490585086500854	19.411950957053893
7	19.8988031471644	30.704461840659945	31.266641426874493	18.13009358530116
8	19.259793940450308	31.64509790827939	30.589560524758046	18.505547626512257
9	18.61140790105124	30.66159193596581	31.775704901259495	18.951295261723455
10-11	18.758795497667244	30.8936430772722	31.214967445251986	19.132593979808572
12-13	18.523869059686902	31.05659501254003	31.371344225454774	19.048191702318295
14-15	18.582653325946996	31.172164502311627	31.37380184454482	18.871380327196558
16-17	18.762549092843482	30.97201000531957	31.3307697531493	18.934671148687652
18-19	18.726688887162858	30.834822033009875	31.299420832514528	19.139068247312736
20-21	18.857955668436134	30.901581257108386	31.147102169890456	19.093360904565028
22-23	18.886076937921214	30.869817170997493	31.12961295620242	19.114492934878875
24-25	18.81858476695186	30.785455813158542	31.119176060315546	19.27678335957405
26-27	18.880071761094882	30.846429643514195	31.095464872601553	19.17803372278937
28-29	19.025818744304146	30.821409212710684	30.93184291029538	19.22092913268979
30-31	18.98605101083355	30.762668452795566	30.952369156834013	19.298911379536868
32-33	19.016276742839917	30.842226974303383	30.885533498162303	19.2559627846944
34-35	18.985340958791088	30.866548970983445	30.88243887868473	19.26567119154074
36-37	18.950150278305998	30.832317257377404	30.883200058410516	19.334332405906085
38-39	19.02347543846313	30.87309571807561	30.82175288426544	19.281675959195823
40-41	19.002670099766682	30.851989890400056	30.88522987901239	19.260110130820873
42-43	18.93268977472616	30.794038585190787	30.895812620206947	19.377459019876103
44-45	18.982262664367013	30.89505150142879	30.82042611520347	19.302259719000727
46-47	18.950718954710986	30.92637040235275	30.8229739916408	19.299936651295464
48-49	18.87748994936694	30.851587939183727	30.835246021556618	19.435676089892713
50-51	19.040528206929714	30.85467051511013	30.76879218136486	19.3360090965953
52-53	18.983929375390332	30.877057500355846	30.805166845461834	19.333846278791988
54-55	18.88658779101868	30.84981261208537	30.850322010630016	19.413277586265938
56-57	19.009495506969504	30.891304040189628	30.78908936531522	19.310111087525648
58-59	19.021309399620627	30.854551236518073	30.778141451933095	19.345997911928205
60-61	18.95094777385457	30.793004242555146	30.8583538025461	19.397694181044184
62-63	19.067477447520993	30.90898873080295	30.732665553180706	19.290868268495352
64-65	19.079561254397785	30.85086276621183	30.768212533699646	19.301363445690743
66-67	18.976833553153696	30.841809337515937	30.815728235483185	19.365628873847182
68-69	19.09441373115551	30.850251368432442	30.74126675075589	19.31406814965616
70-71	19.079743783129203	30.848709532358182	30.768020338718987	19.30352634579363
72-73	18.985323953310672	30.828580000900946	30.77064190032437	19.415454145464015
74-75	19.114629203320153	30.863324866335923	30.75225928281018	19.269786647533746
76-77	19.12425812118255	30.856660389307734	30.77285204993866	19.246229439571056
78-79	19.033274123143965	30.836139344462126	30.78784798270526	19.34273854968865
80-81	19.13975308501951	30.822322157698938	30.759742763814536	19.278181993467015
82-83	19.125260648882414	30.850191842115414	30.76431101339378	19.260236495608392
84-85	19.039991420743586	30.82900753266657	30.807417538848515	19.323583507741333
86-87	19.162331078803994	30.833702860459226	30.760341379210036	19.243624681526743
88-89	19.189649080644294	30.868076370495046	30.706476337107553	19.235798211753107
90-91	19.09304815203736	30.80925712529551	30.74959503343264	19.348099689234495
92-93	19.236236931817373	30.837997876975415	30.682138883323173	19.24362630788404
94-95	19.1646134337469	30.883173654295685	30.737565259242107	19.214647652715303
96-97	19.142175018183856	30.811744027741717	30.74655703135826	19.299523922716165
98-99	19.23516313513904	30.908606360648704	30.647003434672037	19.20922706954022
100-101	19.331586871948407	30.907985854243	30.490242154703985	19.270185119104603
>>END_MODULE
>>Per sequence GC content	pass
#GC Content	Count
0	59.0
1	105.0
2	190.0
3	309.0
4	409.5
5	440.5
6	453.5
7	430.5
8	422.0
9	452.5
10	528.5
11	625.5
12	726.0
13	894.0
14	1154.0
15	1453.0
16	1760.0
17	2262.0
18	2929.0
19	3644.0
20	5001.0
21	7057.5
22	9416.5
23	12295.5
24	16374.0
25	21885.5
26	28984.5
27	37817.0
28	48905.0
29	63087.5
30	80361.0
31	100674.5
32	123362.5
33	147328.5
34	170356.5
35	190047.0
36	207971.5
37	221208.0
38	227194.0
39	227004.0
40	219893.0
41	207815.0
42	192256.0
43	172888.5
44	151445.0
45	129613.0
46	108030.5
47	89119.0
48	72463.0
49	57840.0
50	45833.5
51	34878.0
52	26177.0
53	19651.5
54	13825.0
55	9745.0
56	7013.0
57	4949.0
58	3452.5
59	2391.5
60	1675.0
61	1081.0
62	783.0
63	598.5
64	327.5
65	195.5
66	138.5
67	81.5
68	42.0
69	21.0
70	10.5
71	8.0
72	5.5
73	5.0
74	8.0
75	6.5
76	2.0
77	0.5
78	0.5
79	0.5
80	0.0
81	1.5
82	1.5
83	0.5
84	1.0
85	0.5
86	0.0
87	0.0
88	0.5
89	1.0
90	0.5
91	0.5
92	0.5
93	0.0
94	0.0
95	0.0
96	0.0
97	0.0
98	0.0
99	1.0
100	2.5
>>END_MODULE
>>Per base N content	pass
#Base	N-Count
1	0.0
2	5.659106195108438E-5
3	0.0
4	0.0
5	3.6784190268204846E-4
6	0.0
7	7.073882743885548E-4
8	8.488659292662658E-5
9	4.244329646331329E-4
10-11	9.903435841439768E-5
12-13	0.0012308555974360853
14-15	0.09289422819270501
16-17	1.9806871682879535E-4
18-19	7.073882743885548E-5
20-21	2.4051201329210864E-4
22-23	1.4147765487771097E-4
24-25	0.005064900044622052
26-27	0.036600269316863825
28-29	0.08627307394442814
30-31	0.04868246104342034
32-33	0.03316236230333545
34-35	0.012379294801799709
36-37	0.014614641748867544
38-39	0.05626566334486565
40-41	0.0632829550268001
42-43	0.10630630987511201
44-45	0.0893289912897867
46-47	0.0591235119733954
48-49	0.007639793363396392
50-51	4.2443969009111585E-5
52-53	1.1319121987026588E-4
54-55	0.0
56-57	4.952922471904548E-4
58-59	0.0
60-61	2.264653653778051E-4
62-63	0.0
64-65	0.0
66-67	4.247734683093506E-5
68-69	2.8322397819515236E-5
70-71	0.0
72-73	2.6914937606216616E-4
74-75	0.0
76-77	2.834227319485582E-4
78-79	0.0
80-81	0.0
82-83	0.0
84-85	3.8300105155066483E-4
86-87	3.547447824137403E-4
88-89	4.968353010850315E-4
90-91	3.8344925098869544E-4
92-93	8.526130458322143E-4
94-95	1.5644557919637888E-4
96-97	0.0
98-99	0.0
100-101	0.0
>>END_MODULE
>>Sequence Length Distribution	warn
#Length	Count
50-51	215.0
52-53	260.0
54-55	309.0
56-57	332.0
58-59	362.0
60-61	405.0
62-63	379.0
64-65	443.0
66-67	521.0
68-69	536.0
70-71	581.0
72-73	627.0
74-75	680.0
76-77	732.0
78-79	800.0
80-81	890.0
82-83	998.0
84-85	1102.0
86-87	1279.0
88-89	1547.0
90-91	1973.0
92-93	2535.0
94-95	4363.0
96-97	7756.0
98-99	25492.0
100-101	3479010.0
>>END_MODULE
>>Sequence Duplication Levels	pass
#Total Deduplicated Percentage	88.02173023312974
#Duplication Level	Percentage of deduplicated	Percentage of total
1	92.11303433569817	81.07948659251842
2	6.556892743276069	11.542980884324244
3	0.5696352776173836	1.5042084821313393
4	0.1573728652389605	0.5540892756031385
5	0.0869582422613078	0.38271074709359887
6	0.07047532649037849	0.37220161058567025
7	0.05653622157393487	0.3483491230646942
8	0.0542037502469997	0.3816886305492278
9	0.05305567139494772	0.42030467953773
>10	0.28183556620182276	3.4139799745919235
>50	0.0	0.0
>100	0.0	0.0
>500	0.0	0.0
>1k	0.0	0.0
>5k	0.0	0.0
>10k+	0.0	0.0
>>END_MODULE
>>Overrepresented sequences	pass
>>END_MODULE
>>Adapter Content	pass
#Position	Illumina Universal Adapter	Illumina Small RNA 3' Adapter	Illumina Small RNA 5' Adapter	Nextera Transposase Sequence	SOLID Small RNA Adapter
1	0.0	0.0	0.0	0.0	0.0
2	0.0	0.0	0.0	0.0	0.0
3	2.8295530975542193E-5	0.0	0.0	0.0	0.0
4	2.8295530975542193E-5	0.0	0.0	2.8295530975542193E-5	0.0
5	2.8295530975542193E-5	0.0	0.0	2.8295530975542193E-5	0.0
6	5.6591061951084386E-5	0.0	0.0	2.8295530975542193E-5	0.0
7	5.6591061951084386E-5	0.0	0.0	2.8295530975542193E-5	0.0
8	8.488659292662658E-5	0.0	0.0	2.8295530975542193E-5	0.0
9	1.1318212390216877E-4	0.0	0.0	2.8295530975542193E-5	0.0
10-11	1.1318212390216877E-4	0.0	0.0	2.8295530975542193E-5	0.0
12-13	1.1318212390216877E-4	0.0	0.0	4.244329646331329E-5	0.0
14-15	1.2732988938993987E-4	0.0	0.0	5.6591061951084386E-5	0.0
16-17	1.4147765487771097E-4	0.0	0.0	5.6591061951084386E-5	0.0
18-19	1.4147765487771097E-4	0.0	0.0	5.6591061951084386E-5	0.0
20-21	1.4147765487771097E-4	0.0	0.0	5.6591061951084386E-5	0.0
22-23	1.6977318585325316E-4	0.0	0.0	5.6591061951084386E-5	0.0
24-25	1.9806871682879535E-4	0.0	0.0	5.6591061951084386E-5	0.0
26-27	1.9806871682879535E-4	0.0	0.0	5.6591061951084386E-5	0.0
28-29	2.4051201329210864E-4	0.0	0.0	5.6591061951084386E-5	0.0
30-31	4.102851991453618E-4	0.0	0.0	5.6591061951084386E-5	0.0
32-33	5.517628540230728E-4	0.0	0.0	8.488659292662658E-5	0.0
34-35	6.790927434130126E-4	0.0	0.0	8.488659292662658E-5	0.0
36-37	8.347181637784947E-4	0.0	0.0	8.488659292662658E-5	0.0
38-39	9.620480531684346E-4	0.0	0.0	8.488659292662658E-5	0.0
40-41	0.0011318212390216877	0.0	0.0	9.903435841439768E-5	0.0
42-43	0.0014289243142648809	0.0	0.0	1.1318212390216877E-4	0.0
44-45	0.001626993031093676	0.0	0.0	1.1318212390216877E-4	0.0
46-47	0.0017684706859713872	0.0	0.0	1.1318212390216877E-4	0.0
48-49	0.0019523916373124111	0.0	0.0	1.1318212390216877E-4	0.0
50-51	0.0022636424780433755	0.0	0.0	1.1318212390216877E-4	0.0
52-53	0.002504154491335484	0.0	0.0	1.1318212390216877E-4	0.0
54-55	0.0028437008630419905	0.0	0.0	1.2732988938993987E-4	0.0
56-57	0.0030276218143830145	0.0	0.0	1.4147765487771097E-4	0.0
58-59	0.0033388726551139784	0.0	0.0	1.4147765487771097E-4	0.0
60-61	0.0038057489162104247	0.0	0.0	1.4147765487771097E-4	0.0
62-63	0.004230181880843557	0.0	0.0	1.4147765487771097E-4	0.0
64-65	0.004951717920719884	0.0	0.0	1.4147765487771097E-4	0.0
66-67	0.005743992788035064	0.0	0.0	1.4147765487771097E-4	0.0
68-69	0.00697484838547115	0.0	0.0	1.4147765487771097E-4	0.0
70-71	0.00853110258912597	0.0	0.0	1.4147765487771097E-4	0.0
72-73	0.01085133612912043	0.0	0.0	1.6977318585325316E-4	0.0
74-75	0.013963844536430072	0.0	0.0	1.6977318585325316E-4	0.0
76-77	0.01861845938190676	0.0	0.0	1.6977318585325316E-4	0.0
78-79	0.024829328431038272	0.0	0.0	1.6977318585325316E-4	0.0
80-81	0.032950145821018885	0.0	0.0	1.6977318585325316E-4	0.0
82-83	0.043999550666968104	0.0	0.0	1.6977318585325316E-4	0.0
84-85	0.05980260471680842	0.0	0.0	1.9806871682879535E-4	0.0
86-87	0.08110913954139169	0.0	0.0	1.9806871682879535E-4	0.0
88-89	0.1100271721983958	0.0	0.0	2.1221648231656645E-4	0.0
>>END_MODULE
>>Kmer Content	fail
#Sequence	Count	PValue	Obs/Exp Max	Max Obs/Exp Position
AGATCGG	1655	0.0	8.518756	94-95
GATCGGA	1460	0.0	7.325648	94-95
AGCGTCG	665	9.4646275E-5	5.8485007	94-95
GAGCGTC	915	6.18733E-5	5.047528	94-95
>>END_MODULE
